196728 291746 100000 1 s2 s3 0
150001 259706 100000 1 s2 s3 0
210185 262633 100000 1 s2 s3 0
195906 303450 100000 1 s2 s3 0
203328 300197 100000 1 s2 s3 0
184502 294275 100000 1 s2 s3 0
181618 297712 100000 1 s2 s3 0
172086 295313 100000 1 s2 s3 0
160401 313912 100000 1 s2 s3 0
172842 297232 100000 1 s2 s3 0
135138 328258 100000 1 s2 s3 0
159284 300838 100000 1 s2 s3 0
173568 238446 100000 1 s2 s3 0
189158 250564 100000 1 s2 s3 0
180777 308605 100000 1 s2 s3 0
167278 266775 100000 1 s2 s3 0
159706 282208 100000 1 s2 s3 0
163643 300883 100000 1 s2 s3 0
165935 280221 100000 1 s2 s3 0
187498 297219 100000 1 s2 s3 0
192440 293496 100000 1 s2 s3 0
208472 319037 100000 1 s2 s3 0
210455 310554 100000 1 s2 s3 0
195632 276605 100000 1 s2 s3 0
183875 265623 100000 1 s2 s3 0
191552 328731 100000 1 s2 s3 0
206087 285038 100000 1 s2 s3 0
203385 275184 100000 1 s2 s3 0
180674 285570 100000 1 s2 s3 0
159349 291950 100000 1 s2 s3 0
