130420 336099 100000 1 s1 s2 0
145676 332334 100000 1 s1 s2 0
166724 365363 100000 1 s1 s2 0
156951 331638 100000 1 s1 s2 0
171325 347920 100000 1 s1 s2 0
145057 371729 100000 1 s1 s2 0
135717 307935 100000 1 s1 s2 0
122283 276799 100000 1 s1 s2 0
132587 306304 100000 1 s1 s2 0
128575 301188 100000 1 s1 s2 0
182156 346348 100000 1 s1 s2 0
116170 300638 100000 1 s1 s2 0
159116 368722 100000 1 s1 s2 0
124109 331916 100000 1 s1 s2 0
135638 286154 100000 1 s1 s2 0
122902 281496 100000 1 s1 s2 0
150433 312206 100000 1 s1 s2 0
123993 349298 100000 1 s1 s2 0
121783 331773 100000 1 s1 s2 0
148421 325139 100000 1 s1 s2 0
108668 337772 100000 1 s1 s2 0
117684 316728 100000 1 s1 s2 0
128434 336487 100000 1 s1 s2 0
147080 291358 100000 1 s1 s2 0
118208 404461 100000 1 s1 s2 0
147894 326598 100000 1 s1 s2 0
153474 310253 100000 1 s1 s2 0
146815 315942 100000 1 s1 s2 0
136254 388159 100000 1 s1 s2 0
148610 352751 100000 1 s1 s2 0
