38866 0 10000 1 s3 s4 0
40969 0 10000 1 s3 s4 0
42931 0 10000 1 s3 s4 0
39194 0 10000 1 s3 s4 0
40825 0 10000 1 s3 s4 0
39521 0 10000 1 s3 s4 0
38963 0 10000 1 s3 s4 0
38547 0 10000 1 s3 s4 0
41617 0 10000 1 s3 s4 0
40617 0 10000 1 s3 s4 0
36850 0 10000 1 s3 s4 0
38167 0 10000 1 s3 s4 0
40300 0 10000 1 s3 s4 0
38090 0 10000 1 s3 s4 0
39914 0 10000 1 s3 s4 0
42398 0 10000 1 s3 s4 0
36762 0 10000 1 s3 s4 0
38687 0 10000 1 s3 s4 0
88679 0 10000 1 s3 s4 0
40465 0 10000 1 s3 s4 0
38594 0 10000 1 s3 s4 0
45500 0 10000 1 s3 s4 0
36778 0 10000 1 s3 s4 0
36651 0 10000 1 s3 s4 0
46872 0 10000 1 s3 s4 0
39499 0 10000 1 s3 s4 0
43421 0 10000 1 s3 s4 0
41808 0 10000 1 s3 s4 0
41349 0 10000 1 s3 s4 0
43047 0 10000 1 s3 s4 0
