46336 0 10000 1 s4 s5 0
51577 0 10000 1 s4 s5 0
50038 0 10000 1 s4 s5 0
54026 0 10000 1 s4 s5 0
51982 0 10000 1 s4 s5 0
49062 0 10000 1 s4 s5 0
47394 0 10000 1 s4 s5 0
49353 0 10000 1 s4 s5 0
45005 0 10000 1 s4 s5 0
51474 0 10000 1 s4 s5 0
46313 0 10000 1 s4 s5 0
47929 0 10000 1 s4 s5 0
49209 0 10000 1 s4 s5 0
53798 0 10000 1 s4 s5 0
47411 0 10000 1 s4 s5 0
52656 0 10000 1 s4 s5 0
53204 0 10000 1 s4 s5 0
57872 0 10000 1 s4 s5 0
51710 0 10000 1 s4 s5 0
46558 0 10000 1 s4 s5 0
55729 0 10000 1 s4 s5 0
56397 0 10000 1 s4 s5 0
49181 0 10000 1 s4 s5 0
47938 0 10000 1 s4 s5 0
55330 0 10000 1 s4 s5 0
53866 0 10000 1 s4 s5 0
49325 0 10000 1 s4 s5 0
53185 0 10000 1 s4 s5 0
46480 0 10000 1 s4 s5 0
55589 0 10000 1 s4 s5 0
