21795 0 10000 1 s1 s2 0
19160 0 10000 1 s1 s2 0
20276 0 10000 1 s1 s2 0
18415 0 10000 1 s1 s2 0
17213 0 10000 1 s1 s2 0
22206 0 10000 1 s1 s2 0
20518 0 10000 1 s1 s2 0
18885 0 10000 1 s1 s2 0
16707 0 10000 1 s1 s2 0
16523 0 10000 1 s1 s2 0
20070 0 10000 1 s1 s2 0
17380 0 10000 1 s1 s2 0
18459 0 10000 1 s1 s2 0
21327 0 10000 1 s1 s2 0
17180 0 10000 1 s1 s2 0
25665 0 10000 1 s1 s2 0
18732 0 10000 1 s1 s2 0
20773 0 10000 1 s1 s2 0
24028 0 10000 1 s1 s2 0
17766 0 10000 1 s1 s2 0
16401 0 10000 1 s1 s2 0
22051 0 10000 1 s1 s2 0
23154 0 10000 1 s1 s2 0
19128 0 10000 1 s1 s2 0
21643 0 10000 1 s1 s2 0
17504 0 10000 1 s1 s2 0
18029 0 10000 1 s1 s2 0
20124 0 10000 1 s1 s2 0
19323 0 10000 1 s1 s2 0
16392 0 10000 1 s1 s2 0
