32468 0 10000 1 s2 s3 0
30385 0 10000 1 s2 s3 0
26013 0 10000 1 s2 s3 0
27994 0 10000 1 s2 s3 0
31238 0 10000 1 s2 s3 0
30771 0 10000 1 s2 s3 0
34141 0 10000 1 s2 s3 0
30494 0 10000 1 s2 s3 0
30431 0 10000 1 s2 s3 0
26114 0 10000 1 s2 s3 0
28755 0 10000 1 s2 s3 0
28194 0 10000 1 s2 s3 0
28079 0 10000 1 s2 s3 0
31079 0 10000 1 s2 s3 0
29335 0 10000 1 s2 s3 0
33392 0 10000 1 s2 s3 0
37522 0 10000 1 s2 s3 0
30549 0 10000 1 s2 s3 0
27847 0 10000 1 s2 s3 0
31630 0 10000 1 s2 s3 0
28352 0 10000 1 s2 s3 0
31260 0 10000 1 s2 s3 0
29985 0 10000 1 s2 s3 0
28420 0 10000 1 s2 s3 0
31857 0 10000 1 s2 s3 0
27206 0 10000 1 s2 s3 0
26466 0 10000 1 s2 s3 0
26361 0 10000 1 s2 s3 0
33471 0 10000 1 s2 s3 0
27612 0 10000 1 s2 s3 0
