59816 0 10000 1 s1 s5 0
63185 0 10000 1 s1 s5 0
58608 0 10000 1 s1 s5 0
55901 0 10000 1 s1 s5 0
59469 0 10000 1 s1 s5 0
61929 0 10000 1 s1 s5 0
64171 0 10000 1 s1 s5 0
59857 0 10000 1 s1 s5 0
60685 0 10000 1 s1 s5 0
61732 0 10000 1 s1 s5 0
56415 0 10000 1 s1 s5 0
59594 0 10000 1 s1 s5 0
64348 0 10000 1 s1 s5 0
54719 0 10000 1 s1 s5 0
60657 0 10000 1 s1 s5 0
65123 0 10000 1 s1 s5 0
61014 0 10000 1 s1 s5 0
66714 0 10000 1 s1 s5 0
56793 0 10000 1 s1 s5 0
63560 0 10000 1 s1 s5 0
62716 0 10000 1 s1 s5 0
60579 0 10000 1 s1 s5 0
59735 0 10000 1 s1 s5 0
59881 0 10000 1 s1 s5 0
58955 0 10000 1 s1 s5 0
57284 0 10000 1 s1 s5 0
61900 0 10000 1 s1 s5 0
59700 0 10000 1 s1 s5 0
64449 0 10000 1 s1 s5 0
56887 0 10000 1 s1 s5 0
