305375 0 60000 1 s1 s5 0
305995 0 60000 1 s1 s5 0
305780 0 60000 1 s1 s5 0
305503 0 60000 1 s1 s5 0
305055 0 60000 1 s1 s5 0
306020 0 60000 1 s1 s5 0
305705 0 60000 1 s1 s5 0
306155 0 60000 1 s1 s5 0
306964 0 60000 1 s1 s5 0
305901 0 60000 1 s1 s5 0
305882 0 60000 1 s1 s5 0
306531 0 60000 1 s1 s5 0
305210 0 60000 1 s1 s5 0
305027 0 60000 1 s1 s5 0
305465 0 60000 1 s1 s5 0
305899 0 60000 1 s1 s5 0
306408 0 60000 1 s1 s5 0
306103 0 60000 1 s1 s5 0
306226 0 60000 1 s1 s5 0
306144 0 60000 1 s1 s5 0
306062 0 60000 1 s1 s5 0
306503 0 60000 1 s1 s5 0
305239 0 60000 1 s1 s5 0
305837 0 60000 1 s1 s5 0
305387 0 60000 1 s1 s5 0
305939 0 60000 1 s1 s5 0
305294 0 60000 1 s1 s5 0
306339 0 60000 1 s1 s5 0
306014 0 60000 1 s1 s5 0
306178 0 60000 1 s1 s5 0
