361403 160864 120000 1 s1 s5 0
357684 144356 120000 1 s1 s5 0
369947 152494 120000 1 s1 s5 0
398628 163473 120000 1 s1 s5 0
386364 153351 120000 1 s1 s5 0
384989 151984 120000 1 s1 s5 0
367876 168503 120000 1 s1 s5 0
332367 140906 120000 1 s1 s5 0
336192 168114 120000 1 s1 s5 0
370916 147815 120000 1 s1 s5 0
338603 152753 120000 1 s1 s5 0
430917 201567 120000 1 s1 s5 0
367103 134744 120000 1 s1 s5 0
373161 141308 120000 1 s1 s5 0
302550 149742 120000 1 s1 s5 0
340733 149859 120000 1 s1 s5 0
353652 177809 120000 1 s1 s5 0
369530 139231 120000 1 s1 s5 0
311749 134537 120000 1 s1 s5 0
375168 152915 120000 1 s1 s5 0
375951 154113 120000 1 s1 s5 0
349198 174389 120000 1 s1 s5 0
379984 151555 120000 1 s1 s5 0
343543 168002 120000 1 s1 s5 0
342925 154097 120000 1 s1 s5 0
333199 141178 120000 1 s1 s5 0
383603 157808 120000 1 s1 s5 0
370292 134749 120000 1 s1 s5 0
337577 147027 120000 1 s1 s5 0
352695 152217 120000 1 s1 s5 0
