265461 266861 120000 1 s3 s4 0
282392 288848 120000 1 s3 s4 0
241540 261769 120000 1 s3 s4 0
283109 295456 120000 1 s3 s4 0
247900 285493 120000 1 s3 s4 0
242329 238252 120000 1 s3 s4 0
246185 293414 120000 1 s3 s4 0
233030 248239 120000 1 s3 s4 0
259395 230392 120000 1 s3 s4 0
247931 244823 120000 1 s3 s4 0
213659 241033 120000 1 s3 s4 0
245670 224772 120000 1 s3 s4 0
246057 292278 120000 1 s3 s4 0
255280 248736 120000 1 s3 s4 0
305598 301473 120000 1 s3 s4 0
278491 264796 120000 1 s3 s4 0
263218 249988 120000 1 s3 s4 0
264604 271958 120000 1 s3 s4 0
252297 264422 120000 1 s3 s4 0
241568 267613 120000 1 s3 s4 0
247514 238722 120000 1 s3 s4 0
266770 244151 120000 1 s3 s4 0
255668 277580 120000 1 s3 s4 0
267413 252192 120000 1 s3 s4 0
257053 245693 120000 1 s3 s4 0
256400 259791 120000 1 s3 s4 0
264439 294955 120000 1 s3 s4 0
253135 291946 120000 1 s3 s4 0
272376 233012 120000 1 s3 s4 0
262651 260954 120000 1 s3 s4 0
