266539 211616 120000 1 s4 s5 0
305927 209097 120000 1 s4 s5 0
313547 232698 120000 1 s4 s5 0
349613 205226 120000 1 s4 s5 0
336023 228271 120000 1 s4 s5 0
318460 216438 120000 1 s4 s5 0
316115 182784 120000 1 s4 s5 0
268343 210467 120000 1 s4 s5 0
295320 190175 120000 1 s4 s5 0
286019 216498 120000 1 s4 s5 0
323053 202321 120000 1 s4 s5 0
312783 229778 120000 1 s4 s5 0
304288 210732 120000 1 s4 s5 0
313655 225420 120000 1 s4 s5 0
317328 199086 120000 1 s4 s5 0
348593 232484 120000 1 s4 s5 0
300907 229718 120000 1 s4 s5 0
329556 206714 120000 1 s4 s5 0
289924 192752 120000 1 s4 s5 0
304268 201301 120000 1 s4 s5 0
284128 188068 120000 1 s4 s5 0
346120 237818 120000 1 s4 s5 0
296337 226571 120000 1 s4 s5 0
333359 232420 120000 1 s4 s5 0
285191 178794 120000 1 s4 s5 0
313467 182695 120000 1 s4 s5 0
285407 171354 120000 1 s4 s5 0
322550 171793 120000 1 s4 s5 0
272699 205747 120000 1 s4 s5 0
319477 232308 120000 1 s4 s5 0
