136843 340070 120000 1 s1 s2 0
155931 323013 120000 1 s1 s2 0
139642 339456 120000 1 s1 s2 0
137835 380578 120000 1 s1 s2 0
186330 347067 120000 1 s1 s2 0
167876 385276 120000 1 s1 s2 0
180995 357279 120000 1 s1 s2 0
131509 297939 120000 1 s1 s2 0
166075 335963 120000 1 s1 s2 0
153325 353897 120000 1 s1 s2 0
152791 346566 120000 1 s1 s2 0
140445 345081 120000 1 s1 s2 0
143393 357831 120000 1 s1 s2 0
172808 308954 120000 1 s1 s2 0
168429 342178 120000 1 s1 s2 0
155547 372796 120000 1 s1 s2 0
192424 383528 120000 1 s1 s2 0
173174 362371 120000 1 s1 s2 0
169314 455847 120000 1 s1 s2 0
133655 352890 120000 1 s1 s2 0
137831 385618 120000 1 s1 s2 0
132076 391082 120000 1 s1 s2 0
147768 373759 120000 1 s1 s2 0
148382 319966 120000 1 s1 s2 0
140010 372178 120000 1 s1 s2 0
180014 402523 120000 1 s1 s2 0
135160 332650 120000 1 s1 s2 0
163418 325347 120000 1 s1 s2 0
161050 354583 120000 1 s1 s2 0
139901 317497 120000 1 s1 s2 0
