124049 274898 60000 1 s1 s2 0
132752 332928 60000 1 s1 s2 0
117586 342188 60000 1 s1 s2 0
104891 280615 60000 1 s1 s2 0
113920 282581 60000 1 s1 s2 0
103362 313433 60000 1 s1 s2 0
97827 322064 60000 1 s1 s2 0
103050 341037 60000 1 s1 s2 0
94139 332636 60000 1 s1 s2 0
87242 266996 60000 1 s1 s2 0
102375 337051 60000 1 s1 s2 0
79846 316290 60000 1 s1 s2 0
114181 310783 60000 1 s1 s2 0
85960 289696 60000 1 s1 s2 0
89436 321211 60000 1 s1 s2 0
104480 351774 60000 1 s1 s2 0
73758 270228 60000 1 s1 s2 0
77837 283412 60000 1 s1 s2 0
120020 348096 60000 1 s1 s2 0
105455 266364 60000 1 s1 s2 0
114550 234575 60000 1 s1 s2 0
94337 293762 60000 1 s1 s2 0
109206 275979 60000 1 s1 s2 0
105596 253240 60000 1 s1 s2 0
115108 284306 60000 1 s1 s2 0
100824 331369 60000 1 s1 s2 0
104550 288385 60000 1 s1 s2 0
94305 290669 60000 1 s1 s2 0
73584 320947 60000 1 s1 s2 0
88698 272411 60000 1 s1 s2 0
