278181 151345 60000 1 s4 s5 0
251159 155883 60000 1 s4 s5 0
281711 182982 60000 1 s4 s5 0
223816 181453 60000 1 s4 s5 0
191822 141397 60000 1 s4 s5 0
186205 135655 60000 1 s4 s5 0
102698 139799 60000 1 s4 s5 0
203089 158809 60000 1 s4 s5 0
191935 137152 60000 1 s4 s5 0
235881 158738 60000 1 s4 s5 0
189551 191927 60000 1 s4 s5 0
164760 157036 60000 1 s4 s5 0
204003 155517 60000 1 s4 s5 0
252197 150877 60000 1 s4 s5 0
281549 164859 60000 1 s4 s5 0
257002 160708 60000 1 s4 s5 0
143212 132216 60000 1 s4 s5 0
153988 118981 60000 1 s4 s5 0
243690 140111 60000 1 s4 s5 0
217467 152814 60000 1 s4 s5 0
253527 167774 60000 1 s4 s5 0
239038 163874 60000 1 s4 s5 0
189934 143316 60000 1 s4 s5 0
199231 164133 60000 1 s4 s5 0
240729 180226 60000 1 s4 s5 0
240897 153291 60000 1 s4 s5 0
218030 160529 60000 1 s4 s5 0
242783 171651 60000 1 s4 s5 0
267377 163210 60000 1 s4 s5 0
239598 178694 60000 1 s4 s5 0
