209549 134203 80000 1 s1 s5 0
256085 141171 80000 1 s1 s5 0
250282 143430 80000 1 s1 s5 0
248235 143033 80000 1 s1 s5 0
207270 132155 80000 1 s1 s5 0
180569 123424 80000 1 s1 s5 0
258502 134737 80000 1 s1 s5 0
259672 142120 80000 1 s1 s5 0
256221 143106 80000 1 s1 s5 0
249758 142118 80000 1 s1 s5 0
248479 143155 80000 1 s1 s5 0
200446 130324 80000 1 s1 s5 0
187681 125637 80000 1 s1 s5 0
247149 141057 80000 1 s1 s5 0
222262 136691 80000 1 s1 s5 0
205556 132237 80000 1 s1 s5 0
267062 143750 80000 1 s1 s5 0
248528 141912 80000 1 s1 s5 0
229618 137090 80000 1 s1 s5 0
161653 121447 80000 1 s1 s5 0
244309 139885 80000 1 s1 s5 0
244475 140324 80000 1 s1 s5 0
267404 141731 80000 1 s1 s5 0
240527 142307 80000 1 s1 s5 0
263534 142399 80000 1 s1 s5 0
254284 138926 80000 1 s1 s5 0
149906 115743 80000 1 s1 s5 0
259077 140432 80000 1 s1 s5 0
256233 139826 80000 1 s1 s5 0
237334 138623 80000 1 s1 s5 0
