56176 0 50000 1 s1 s2 0
56229 0 50000 1 s1 s2 0
56058 0 50000 1 s1 s2 0
56199 0 50000 1 s1 s2 0
56211 0 50000 1 s1 s2 0
56206 0 50000 1 s1 s2 0
56058 0 50000 1 s1 s2 0
56009 0 50000 1 s1 s2 0
56224 0 50000 1 s1 s2 0
55934 0 50000 1 s1 s2 0
56157 0 50000 1 s1 s2 0
56058 0 50000 1 s1 s2 0
56119 0 50000 1 s1 s2 0
55940 0 50000 1 s1 s2 0
56023 0 50000 1 s1 s2 0
56377 0 50000 1 s1 s2 0
56011 0 50000 1 s1 s2 0
56222 0 50000 1 s1 s2 0
56289 0 50000 1 s1 s2 0
56403 0 50000 1 s1 s2 0
56013 0 50000 1 s1 s2 0
56206 0 50000 1 s1 s2 0
56090 0 50000 1 s1 s2 0
56330 0 50000 1 s1 s2 0
55983 0 50000 1 s1 s2 0
55960 0 50000 1 s1 s2 0
56335 0 50000 1 s1 s2 0
56168 0 50000 1 s1 s2 0
55981 0 50000 1 s1 s2 0
56008 0 50000 1 s1 s2 0
