200029 0 50000 1 s4 s5 0
233763 0 50000 1 s4 s5 0
234127 0 50000 1 s4 s5 0
233945 0 50000 1 s4 s5 0
233893 0 50000 1 s4 s5 0
200259 0 50000 1 s4 s5 0
234536 0 50000 1 s4 s5 0
233488 0 50000 1 s4 s5 0
234033 0 50000 1 s4 s5 0
234223 0 50000 1 s4 s5 0
233903 0 50000 1 s4 s5 0
234226 0 50000 1 s4 s5 0
234186 0 50000 1 s4 s5 0
233868 0 50000 1 s4 s5 0
234060 0 50000 1 s4 s5 0
234025 0 50000 1 s4 s5 0
233866 0 50000 1 s4 s5 0
234218 0 50000 1 s4 s5 0
234015 0 50000 1 s4 s5 0
233581 0 50000 1 s4 s5 0
234026 0 50000 1 s4 s5 0
234285 0 50000 1 s4 s5 0
234045 0 50000 1 s4 s5 0
234204 0 50000 1 s4 s5 0
233397 0 50000 1 s4 s5 0
233831 0 50000 1 s4 s5 0
234532 0 50000 1 s4 s5 0
234201 0 50000 1 s4 s5 0
234122 0 50000 1 s4 s5 0
234588 0 50000 1 s4 s5 0
