112951 0 50000 1 s2 s3 0
113257 0 50000 1 s2 s3 0
113850 0 50000 1 s2 s3 0
113752 0 50000 1 s2 s3 0
113710 0 50000 1 s2 s3 0
113584 0 50000 1 s2 s3 0
114188 0 50000 1 s2 s3 0
113818 0 50000 1 s2 s3 0
113593 0 50000 1 s2 s3 0
113054 0 50000 1 s2 s3 0
113624 0 50000 1 s2 s3 0
113282 0 50000 1 s2 s3 0
113476 0 50000 1 s2 s3 0
113458 0 50000 1 s2 s3 0
113407 0 50000 1 s2 s3 0
113366 0 50000 1 s2 s3 0
113908 0 50000 1 s2 s3 0
113649 0 50000 1 s2 s3 0
113628 0 50000 1 s2 s3 0
113356 0 50000 1 s2 s3 0
113955 0 50000 1 s2 s3 0
113512 0 50000 1 s2 s3 0
113453 0 50000 1 s2 s3 0
113489 0 50000 1 s2 s3 0
113334 0 50000 1 s2 s3 0
113729 0 50000 1 s2 s3 0
112992 0 50000 1 s2 s3 0
113554 0 50000 1 s2 s3 0
114042 0 50000 1 s2 s3 0
113096 0 50000 1 s2 s3 0
