301361 0 50000 1 s1 s5 0
294938 0 50000 1 s1 s5 0
250478 0 50000 1 s1 s5 0
295251 0 50000 1 s1 s5 0
250595 0 50000 1 s1 s5 0
294805 0 50000 1 s1 s5 0
250376 0 50000 1 s1 s5 0
295095 0 50000 1 s1 s5 0
299541 0 50000 1 s1 s5 0
250271 0 50000 1 s1 s5 0
294568 0 50000 1 s1 s5 0
295112 0 50000 1 s1 s5 0
250557 0 50000 1 s1 s5 0
250295 0 50000 1 s1 s5 0
250243 0 50000 1 s1 s5 0
295189 0 50000 1 s1 s5 0
305544 0 50000 1 s1 s5 0
301607 0 50000 1 s1 s5 0
250542 0 50000 1 s1 s5 0
292617 0 50000 1 s1 s5 0
250379 0 50000 1 s1 s5 0
250015 0 50000 1 s1 s5 0
307390 0 50000 1 s1 s5 0
300288 0 50000 1 s1 s5 0
250061 0 50000 1 s1 s5 0
294284 0 50000 1 s1 s5 0
295335 0 50000 1 s1 s5 0
250616 0 50000 1 s1 s5 0
250107 0 50000 1 s1 s5 0
296623 0 50000 1 s1 s5 0
