173305 0 50000 1 s3 s4 0
174461 0 50000 1 s3 s4 0
174552 0 50000 1 s3 s4 0
174808 0 50000 1 s3 s4 0
174296 0 50000 1 s3 s4 0
174591 0 50000 1 s3 s4 0
175087 0 50000 1 s3 s4 0
174388 0 50000 1 s3 s4 0
173757 0 50000 1 s3 s4 0
174128 0 50000 1 s3 s4 0
174742 0 50000 1 s3 s4 0
173994 0 50000 1 s3 s4 0
174412 0 50000 1 s3 s4 0
174679 0 50000 1 s3 s4 0
175138 0 50000 1 s3 s4 0
174549 0 50000 1 s3 s4 0
174467 0 50000 1 s3 s4 0
174241 0 50000 1 s3 s4 0
175089 0 50000 1 s3 s4 0
175203 0 50000 1 s3 s4 0
174717 0 50000 1 s3 s4 0
174971 0 50000 1 s3 s4 0
174788 0 50000 1 s3 s4 0
174316 0 50000 1 s3 s4 0
174322 0 50000 1 s3 s4 0
174475 0 50000 1 s3 s4 0
175023 0 50000 1 s3 s4 0
175403 0 50000 1 s3 s4 0
175418 0 50000 1 s3 s4 0
175043 0 50000 1 s3 s4 0
