355200 0 80000 1 s4 s5 0
352515 0 80000 1 s4 s5 0
353077 0 80000 1 s4 s5 0
353756 0 80000 1 s4 s5 0
354036 0 80000 1 s4 s5 0
354006 0 80000 1 s4 s5 0
354055 0 80000 1 s4 s5 0
353976 0 80000 1 s4 s5 0
353233 0 80000 1 s4 s5 0
352985 0 80000 1 s4 s5 0
354118 0 80000 1 s4 s5 0
353793 0 80000 1 s4 s5 0
354481 0 80000 1 s4 s5 0
353440 0 80000 1 s4 s5 0
353905 0 80000 1 s4 s5 0
320611 0 80000 1 s4 s5 0
355590 0 80000 1 s4 s5 0
354846 0 80000 1 s4 s5 0
353247 0 80000 1 s4 s5 0
354418 0 80000 1 s4 s5 0
320199 0 80000 1 s4 s5 0
354413 0 80000 1 s4 s5 0
354219 0 80000 1 s4 s5 0
354736 0 80000 1 s4 s5 0
355230 0 80000 1 s4 s5 0
355161 0 80000 1 s4 s5 0
353634 0 80000 1 s4 s5 0
320690 0 80000 1 s4 s5 0
320820 0 80000 1 s4 s5 0
353339 0 80000 1 s4 s5 0
