445722 0 80000 1 s1 s5 0
400367 0 80000 1 s1 s5 0
444418 0 80000 1 s1 s5 0
445220 0 80000 1 s1 s5 0
443471 0 80000 1 s1 s5 0
442776 0 80000 1 s1 s5 0
446074 0 80000 1 s1 s5 0
445548 0 80000 1 s1 s5 0
446637 0 80000 1 s1 s5 0
445579 0 80000 1 s1 s5 0
444846 0 80000 1 s1 s5 0
442295 0 80000 1 s1 s5 0
445393 0 80000 1 s1 s5 0
444155 0 80000 1 s1 s5 0
400971 0 80000 1 s1 s5 0
443477 0 80000 1 s1 s5 0
445041 0 80000 1 s1 s5 0
400553 0 80000 1 s1 s5 0
400339 0 80000 1 s1 s5 0
478806 0 80000 1 s1 s5 0
400599 0 80000 1 s1 s5 0
400069 0 80000 1 s1 s5 0
445571 0 80000 1 s1 s5 0
400029 0 80000 1 s1 s5 0
400932 0 80000 1 s1 s5 0
400082 0 80000 1 s1 s5 0
444219 0 80000 1 s1 s5 0
444004 0 80000 1 s1 s5 0
445641 0 80000 1 s1 s5 0
443907 0 80000 1 s1 s5 0
