265058 0 80000 1 s3 s4 0
264899 0 80000 1 s3 s4 0
264599 0 80000 1 s3 s4 0
264052 0 80000 1 s3 s4 0
264958 0 80000 1 s3 s4 0
263960 0 80000 1 s3 s4 0
263788 0 80000 1 s3 s4 0
263632 0 80000 1 s3 s4 0
264207 0 80000 1 s3 s4 0
264397 0 80000 1 s3 s4 0
264825 0 80000 1 s3 s4 0
264828 0 80000 1 s3 s4 0
264059 0 80000 1 s3 s4 0
265547 0 80000 1 s3 s4 0
264428 0 80000 1 s3 s4 0
262894 0 80000 1 s3 s4 0
264080 0 80000 1 s3 s4 0
264575 0 80000 1 s3 s4 0
263584 0 80000 1 s3 s4 0
263326 0 80000 1 s3 s4 0
262992 0 80000 1 s3 s4 0
263942 0 80000 1 s3 s4 0
265709 0 80000 1 s3 s4 0
264657 0 80000 1 s3 s4 0
264989 0 80000 1 s3 s4 0
264631 0 80000 1 s3 s4 0
264099 0 80000 1 s3 s4 0
264517 0 80000 1 s3 s4 0
264990 0 80000 1 s3 s4 0
265003 0 80000 1 s3 s4 0
