173176 0 80000 1 s2 s3 0
173427 0 80000 1 s2 s3 0
173026 0 80000 1 s2 s3 0
173307 0 80000 1 s2 s3 0
173281 0 80000 1 s2 s3 0
173231 0 80000 1 s2 s3 0
174127 0 80000 1 s2 s3 0
173381 0 80000 1 s2 s3 0
173308 0 80000 1 s2 s3 0
173253 0 80000 1 s2 s3 0
173093 0 80000 1 s2 s3 0
172819 0 80000 1 s2 s3 0
173370 0 80000 1 s2 s3 0
173250 0 80000 1 s2 s3 0
174170 0 80000 1 s2 s3 0
173447 0 80000 1 s2 s3 0
173510 0 80000 1 s2 s3 0
173862 0 80000 1 s2 s3 0
173937 0 80000 1 s2 s3 0
173969 0 80000 1 s2 s3 0
174090 0 80000 1 s2 s3 0
173919 0 80000 1 s2 s3 0
173539 0 80000 1 s2 s3 0
173584 0 80000 1 s2 s3 0
174103 0 80000 1 s2 s3 0
173888 0 80000 1 s2 s3 0
173576 0 80000 1 s2 s3 0
174000 0 80000 1 s2 s3 0
174018 0 80000 1 s2 s3 0
173646 0 80000 1 s2 s3 0
