86569 0 80000 1 s1 s2 0
86298 0 80000 1 s1 s2 0
86177 0 80000 1 s1 s2 0
86043 0 80000 1 s1 s2 0
86086 0 80000 1 s1 s2 0
86252 0 80000 1 s1 s2 0
85743 0 80000 1 s1 s2 0
86543 0 80000 1 s1 s2 0
86475 0 80000 1 s1 s2 0
85950 0 80000 1 s1 s2 0
86006 0 80000 1 s1 s2 0
86174 0 80000 1 s1 s2 0
86276 0 80000 1 s1 s2 0
86002 0 80000 1 s1 s2 0
86455 0 80000 1 s1 s2 0
86135 0 80000 1 s1 s2 0
86531 0 80000 1 s1 s2 0
86182 0 80000 1 s1 s2 0
86122 0 80000 1 s1 s2 0
86259 0 80000 1 s1 s2 0
85861 0 80000 1 s1 s2 0
86228 0 80000 1 s1 s2 0
86280 0 80000 1 s1 s2 0
85984 0 80000 1 s1 s2 0
86351 0 80000 1 s1 s2 0
86226 0 80000 1 s1 s2 0
86651 0 80000 1 s1 s2 0
85652 0 80000 1 s1 s2 0
86009 0 80000 1 s1 s2 0
85582 0 80000 1 s1 s2 0
