324666 0 100000 1 s3 s4 0
323990 0 100000 1 s3 s4 0
324992 0 100000 1 s3 s4 0
324352 0 100000 1 s3 s4 0
324648 0 100000 1 s3 s4 0
323934 0 100000 1 s3 s4 0
325180 0 100000 1 s3 s4 0
324283 0 100000 1 s3 s4 0
324381 0 100000 1 s3 s4 0
323795 0 100000 1 s3 s4 0
324161 0 100000 1 s3 s4 0
325737 0 100000 1 s3 s4 0
324103 0 100000 1 s3 s4 0
325042 0 100000 1 s3 s4 0
324504 0 100000 1 s3 s4 0
325356 0 100000 1 s3 s4 0
325051 0 100000 1 s3 s4 0
324511 0 100000 1 s3 s4 0
324377 0 100000 1 s3 s4 0
325766 0 100000 1 s3 s4 0
324808 0 100000 1 s3 s4 0
324837 0 100000 1 s3 s4 0
325644 0 100000 1 s3 s4 0
324657 0 100000 1 s3 s4 0
324251 0 100000 1 s3 s4 0
323627 0 100000 1 s3 s4 0
323771 0 100000 1 s3 s4 0
324141 0 100000 1 s3 s4 0
323965 0 100000 1 s3 s4 0
324538 0 100000 1 s3 s4 0
