106095 0 100000 1 s1 s2 0
105989 0 100000 1 s1 s2 0
105833 0 100000 1 s1 s2 0
106055 0 100000 1 s1 s2 0
105845 0 100000 1 s1 s2 0
106333 0 100000 1 s1 s2 0
105985 0 100000 1 s1 s2 0
106497 0 100000 1 s1 s2 0
105889 0 100000 1 s1 s2 0
105853 0 100000 1 s1 s2 0
105736 0 100000 1 s1 s2 0
105647 0 100000 1 s1 s2 0
106302 0 100000 1 s1 s2 0
105936 0 100000 1 s1 s2 0
105683 0 100000 1 s1 s2 0
105680 0 100000 1 s1 s2 0
105877 0 100000 1 s1 s2 0
106248 0 100000 1 s1 s2 0
106089 0 100000 1 s1 s2 0
105987 0 100000 1 s1 s2 0
105634 0 100000 1 s1 s2 0
105938 0 100000 1 s1 s2 0
105773 0 100000 1 s1 s2 0
106467 0 100000 1 s1 s2 0
105864 0 100000 1 s1 s2 0
105987 0 100000 1 s1 s2 0
105893 0 100000 1 s1 s2 0
106011 0 100000 1 s1 s2 0
105960 0 100000 1 s1 s2 0
106025 0 100000 1 s1 s2 0
