433833 0 100000 1 s4 s5 0
435104 0 100000 1 s4 s5 0
434491 0 100000 1 s4 s5 0
433793 0 100000 1 s4 s5 0
432556 0 100000 1 s4 s5 0
434609 0 100000 1 s4 s5 0
433579 0 100000 1 s4 s5 0
434705 0 100000 1 s4 s5 0
435094 0 100000 1 s4 s5 0
434303 0 100000 1 s4 s5 0
434458 0 100000 1 s4 s5 0
434394 0 100000 1 s4 s5 0
433327 0 100000 1 s4 s5 0
400086 0 100000 1 s4 s5 0
433225 0 100000 1 s4 s5 0
434222 0 100000 1 s4 s5 0
435080 0 100000 1 s4 s5 0
433914 0 100000 1 s4 s5 0
434588 0 100000 1 s4 s5 0
434764 0 100000 1 s4 s5 0
434201 0 100000 1 s4 s5 0
434630 0 100000 1 s4 s5 0
400151 0 100000 1 s4 s5 0
431947 0 100000 1 s4 s5 0
435563 0 100000 1 s4 s5 0
434577 0 100000 1 s4 s5 0
435171 0 100000 1 s4 s5 0
434056 0 100000 1 s4 s5 0
435511 0 100000 1 s4 s5 0
433864 0 100000 1 s4 s5 0
