545432 0 100000 1 s1 s5 0
500204 0 100000 1 s1 s5 0
500951 0 100000 1 s1 s5 0
546075 0 100000 1 s1 s5 0
546648 0 100000 1 s1 s5 0
545153 0 100000 1 s1 s5 0
544669 0 100000 1 s1 s5 0
544186 0 100000 1 s1 s5 0
546686 0 100000 1 s1 s5 0
545762 0 100000 1 s1 s5 0
500400 0 100000 1 s1 s5 0
543452 0 100000 1 s1 s5 0
545909 0 100000 1 s1 s5 0
500133 0 100000 1 s1 s5 0
544523 0 100000 1 s1 s5 0
500039 0 100000 1 s1 s5 0
500092 0 100000 1 s1 s5 0
500396 0 100000 1 s1 s5 0
500119 0 100000 1 s1 s5 0
500208 0 100000 1 s1 s5 0
543015 0 100000 1 s1 s5 0
500957 0 100000 1 s1 s5 0
500625 0 100000 1 s1 s5 0
500849 0 100000 1 s1 s5 0
500380 0 100000 1 s1 s5 0
545388 0 100000 1 s1 s5 0
544497 0 100000 1 s1 s5 0
500263 0 100000 1 s1 s5 0
545061 0 100000 1 s1 s5 0
545487 0 100000 1 s1 s5 0
