213544 0 100000 1 s2 s3 0
213607 0 100000 1 s2 s3 0
213175 0 100000 1 s2 s3 0
213540 0 100000 1 s2 s3 0
214394 0 100000 1 s2 s3 0
213249 0 100000 1 s2 s3 0
214083 0 100000 1 s2 s3 0
213314 0 100000 1 s2 s3 0
213654 0 100000 1 s2 s3 0
213566 0 100000 1 s2 s3 0
212944 0 100000 1 s2 s3 0
213518 0 100000 1 s2 s3 0
213875 0 100000 1 s2 s3 0
213423 0 100000 1 s2 s3 0
213842 0 100000 1 s2 s3 0
213891 0 100000 1 s2 s3 0
213777 0 100000 1 s2 s3 0
213748 0 100000 1 s2 s3 0
213810 0 100000 1 s2 s3 0
213506 0 100000 1 s2 s3 0
213801 0 100000 1 s2 s3 0
213999 0 100000 1 s2 s3 0
213501 0 100000 1 s2 s3 0
213883 0 100000 1 s2 s3 0
213355 0 100000 1 s2 s3 0
213438 0 100000 1 s2 s3 0
213637 0 100000 1 s2 s3 0
213063 0 100000 1 s2 s3 0
214133 0 100000 1 s2 s3 0
213566 0 100000 1 s2 s3 0
