455905 0 90000 1 s1 s5 0
456071 0 90000 1 s1 s5 0
455554 0 90000 1 s1 s5 0
456108 0 90000 1 s1 s5 0
455385 0 90000 1 s1 s5 0
455861 0 90000 1 s1 s5 0
455378 0 90000 1 s1 s5 0
455567 0 90000 1 s1 s5 0
455220 0 90000 1 s1 s5 0
455933 0 90000 1 s1 s5 0
455488 0 90000 1 s1 s5 0
455480 0 90000 1 s1 s5 0
456395 0 90000 1 s1 s5 0
459980 0 90000 1 s1 s5 0
455544 0 90000 1 s1 s5 0
456042 0 90000 1 s1 s5 0
455989 0 90000 1 s1 s5 0
455669 0 90000 1 s1 s5 0
456368 0 90000 1 s1 s5 0
455780 0 90000 1 s1 s5 0
463182 0 90000 1 s1 s5 0
455531 0 90000 1 s1 s5 0
456156 0 90000 1 s1 s5 0
456149 0 90000 1 s1 s5 0
456034 0 90000 1 s1 s5 0
455433 0 90000 1 s1 s5 0
455776 0 90000 1 s1 s5 0
455698 0 90000 1 s1 s5 0
460376 0 90000 1 s1 s5 0
455656 0 90000 1 s1 s5 0
