s1-s5 50 256105.33333333334 0.986420
s1-s5 50 164364.3 21.947209
s1-s5 50 90253.86666666667 4.849057
s1-s5 60 305871.3333333333 0.463043
s1-s5 60 171581.7 29.601575
s1-s5 60 102277.86666666667 6.3955
s1-s5 70 355834.8333333333 0.362456
s1-s5 70 211349.9 26.828095
s1-s5 70 121182.33333333333 5.5727
s1-s5 80 405880.6666666667 1.126061
s1-s5 80 233722.0 31.168481
s1-s5 80 137099.76666666666 7.1757
s1-s5 90 456323.6 1.705672
s1-s5 90 265120.0333333333 24.417643
s1-s5 90 154175.06666666668 5.9615
s1-s5 100 505563.0 0.419082
s1-s5 100 290489.2 30.533411
s1-s5 100 170355.63333333333 6.6398
