504766 0 100000 1 s1 s5 0
505881 0 100000 1 s1 s5 0
506060 0 100000 1 s1 s5 0
505887 0 100000 1 s1 s5 0
505503 0 100000 1 s1 s5 0
505714 0 100000 1 s1 s5 0
505877 0 100000 1 s1 s5 0
505184 0 100000 1 s1 s5 0
505489 0 100000 1 s1 s5 0
505259 0 100000 1 s1 s5 0
504788 0 100000 1 s1 s5 0
504884 0 100000 1 s1 s5 0
505687 0 100000 1 s1 s5 0
505594 0 100000 1 s1 s5 0
506212 0 100000 1 s1 s5 0
506150 0 100000 1 s1 s5 0
506080 0 100000 1 s1 s5 0
505542 0 100000 1 s1 s5 0
504903 0 100000 1 s1 s5 0
504989 0 100000 1 s1 s5 0
505359 0 100000 1 s1 s5 0
505756 0 100000 1 s1 s5 0
505483 0 100000 1 s1 s5 0
505523 0 100000 1 s1 s5 0
505597 0 100000 1 s1 s5 0
505331 0 100000 1 s1 s5 0
505329 0 100000 1 s1 s5 0
505750 0 100000 1 s1 s5 0
506183 0 100000 1 s1 s5 0
506130 0 100000 1 s1 s5 0
