193305 0 90000 1 s2 s3 0
193172 0 90000 1 s2 s3 0
193239 0 90000 1 s2 s3 0
193307 0 90000 1 s2 s3 0
193670 0 90000 1 s2 s3 0
193772 0 90000 1 s2 s3 0
194205 0 90000 1 s2 s3 0
193331 0 90000 1 s2 s3 0
193489 0 90000 1 s2 s3 0
193864 0 90000 1 s2 s3 0
193374 0 90000 1 s2 s3 0
193024 0 90000 1 s2 s3 0
193446 0 90000 1 s2 s3 0
193360 0 90000 1 s2 s3 0
193730 0 90000 1 s2 s3 0
193731 0 90000 1 s2 s3 0
193875 0 90000 1 s2 s3 0
193742 0 90000 1 s2 s3 0
193169 0 90000 1 s2 s3 0
193548 0 90000 1 s2 s3 0
194236 0 90000 1 s2 s3 0
193802 0 90000 1 s2 s3 0
193597 0 90000 1 s2 s3 0
193634 0 90000 1 s2 s3 0
193061 0 90000 1 s2 s3 0
193815 0 90000 1 s2 s3 0
193659 0 90000 1 s2 s3 0
194152 0 90000 1 s2 s3 0
194346 0 90000 1 s2 s3 0
193633 0 90000 1 s2 s3 0
