293442 0 90000 1 s3 s4 0
294145 0 90000 1 s3 s4 0
294983 0 90000 1 s3 s4 0
294085 0 90000 1 s3 s4 0
294252 0 90000 1 s3 s4 0
295278 0 90000 1 s3 s4 0
292740 0 90000 1 s3 s4 0
293970 0 90000 1 s3 s4 0
293880 0 90000 1 s3 s4 0
294851 0 90000 1 s3 s4 0
295380 0 90000 1 s3 s4 0
294442 0 90000 1 s3 s4 0
299007 0 90000 1 s3 s4 0
294694 0 90000 1 s3 s4 0
294250 0 90000 1 s3 s4 0
293744 0 90000 1 s3 s4 0
294110 0 90000 1 s3 s4 0
294483 0 90000 1 s3 s4 0
294829 0 90000 1 s3 s4 0
295001 0 90000 1 s3 s4 0
294543 0 90000 1 s3 s4 0
294902 0 90000 1 s3 s4 0
294613 0 90000 1 s3 s4 0
294653 0 90000 1 s3 s4 0
294984 0 90000 1 s3 s4 0
294876 0 90000 1 s3 s4 0
295266 0 90000 1 s3 s4 0
294510 0 90000 1 s3 s4 0
294428 0 90000 1 s3 s4 0
295087 0 90000 1 s3 s4 0
