494962 0 90000 1 s1 s5 0
494181 0 90000 1 s1 s5 0
494084 0 90000 1 s1 s5 0
450460 0 90000 1 s1 s5 0
450089 0 90000 1 s1 s5 0
495283 0 90000 1 s1 s5 0
495441 0 90000 1 s1 s5 0
496611 0 90000 1 s1 s5 0
497096 0 90000 1 s1 s5 0
494522 0 90000 1 s1 s5 0
492599 0 90000 1 s1 s5 0
494607 0 90000 1 s1 s5 0
495377 0 90000 1 s1 s5 0
495201 0 90000 1 s1 s5 0
450112 0 90000 1 s1 s5 0
493608 0 90000 1 s1 s5 0
495519 0 90000 1 s1 s5 0
495736 0 90000 1 s1 s5 0
494935 0 90000 1 s1 s5 0
497437 0 90000 1 s1 s5 0
450173 0 90000 1 s1 s5 0
492284 0 90000 1 s1 s5 0
494765 0 90000 1 s1 s5 0
495903 0 90000 1 s1 s5 0
450309 0 90000 1 s1 s5 0
450626 0 90000 1 s1 s5 0
496308 0 90000 1 s1 s5 0
493652 0 90000 1 s1 s5 0
450024 0 90000 1 s1 s5 0
495374 0 90000 1 s1 s5 0
