96003 0 90000 1 s1 s2 0
95992 0 90000 1 s1 s2 0
95749 0 90000 1 s1 s2 0
96358 0 90000 1 s1 s2 0
95965 0 90000 1 s1 s2 0
96054 0 90000 1 s1 s2 0
95766 0 90000 1 s1 s2 0
96135 0 90000 1 s1 s2 0
96040 0 90000 1 s1 s2 0
96086 0 90000 1 s1 s2 0
96395 0 90000 1 s1 s2 0
96159 0 90000 1 s1 s2 0
96228 0 90000 1 s1 s2 0
95896 0 90000 1 s1 s2 0
96144 0 90000 1 s1 s2 0
95924 0 90000 1 s1 s2 0
96049 0 90000 1 s1 s2 0
95863 0 90000 1 s1 s2 0
96295 0 90000 1 s1 s2 0
95716 0 90000 1 s1 s2 0
96096 0 90000 1 s1 s2 0
95884 0 90000 1 s1 s2 0
96142 0 90000 1 s1 s2 0
96228 0 90000 1 s1 s2 0
96133 0 90000 1 s1 s2 0
96129 0 90000 1 s1 s2 0
95743 0 90000 1 s1 s2 0
95834 0 90000 1 s1 s2 0
95844 0 90000 1 s1 s2 0
95956 0 90000 1 s1 s2 0
