394360 0 90000 1 s4 s5 0
360398 0 90000 1 s4 s5 0
395705 0 90000 1 s4 s5 0
394205 0 90000 1 s4 s5 0
394402 0 90000 1 s4 s5 0
394968 0 90000 1 s4 s5 0
393560 0 90000 1 s4 s5 0
393775 0 90000 1 s4 s5 0
394110 0 90000 1 s4 s5 0
413886 0 90000 1 s4 s5 0
360214 0 90000 1 s4 s5 0
394256 0 90000 1 s4 s5 0
360242 0 90000 1 s4 s5 0
394433 0 90000 1 s4 s5 0
394316 0 90000 1 s4 s5 0
395041 0 90000 1 s4 s5 0
393429 0 90000 1 s4 s5 0
394497 0 90000 1 s4 s5 0
394736 0 90000 1 s4 s5 0
394931 0 90000 1 s4 s5 0
392395 0 90000 1 s4 s5 0
394292 0 90000 1 s4 s5 0
394177 0 90000 1 s4 s5 0
393589 0 90000 1 s4 s5 0
393611 0 90000 1 s4 s5 0
393583 0 90000 1 s4 s5 0
360313 0 90000 1 s4 s5 0
393787 0 90000 1 s4 s5 0
394282 0 90000 1 s4 s5 0
394179 0 90000 1 s4 s5 0
