189466 172709 60000 1 s3 s4 0
196977 215864 60000 1 s3 s4 0
205057 171132 60000 1 s3 s4 0
197306 184050 60000 1 s3 s4 0
221974 203052 60000 1 s3 s4 0
183698 184891 60000 1 s3 s4 0
158519 169703 60000 1 s3 s4 0
212300 205503 60000 1 s3 s4 0
153213 206332 60000 1 s3 s4 0
168863 198191 60000 1 s3 s4 0
191757 206597 60000 1 s3 s4 0
168652 165215 60000 1 s3 s4 0
198798 222395 60000 1 s3 s4 0
192380 158664 60000 1 s3 s4 0
147821 185748 60000 1 s3 s4 0
197758 202409 60000 1 s3 s4 0
136435 170056 60000 1 s3 s4 0
239140 216837 60000 1 s3 s4 0
179562 170470 60000 1 s3 s4 0
161162 204422 60000 1 s3 s4 0
161165 175299 60000 1 s3 s4 0
180352 176570 60000 1 s3 s4 0
192806 211171 60000 1 s3 s4 0
184162 173463 60000 1 s3 s4 0
202266 195735 60000 1 s3 s4 0
172550 162909 60000 1 s3 s4 0
179213 186539 60000 1 s3 s4 0
188448 193355 60000 1 s3 s4 0
204164 230893 60000 1 s3 s4 0
167568 187570 60000 1 s3 s4 0
