36211 0 30000 1 s1 s2 0
37140 0 30000 1 s1 s2 0
36510 0 30000 1 s1 s2 0
36306 0 30000 1 s1 s2 0
36046 0 30000 1 s1 s2 0
36872 0 30000 1 s1 s2 0
35904 0 30000 1 s1 s2 0
36491 0 30000 1 s1 s2 0
36901 0 30000 1 s1 s2 0
36635 0 30000 1 s1 s2 0
36369 0 30000 1 s1 s2 0
36042 0 30000 1 s1 s2 0
36310 0 30000 1 s1 s2 0
35951 0 30000 1 s1 s2 0
37952 0 30000 1 s1 s2 0
38003 0 30000 1 s1 s2 0
37645 0 30000 1 s1 s2 0
37719 0 30000 1 s1 s2 0
37284 0 30000 1 s1 s2 0
38224 0 30000 1 s1 s2 0
36687 0 30000 1 s1 s2 0
35927 0 30000 1 s1 s2 0
37061 0 30000 1 s1 s2 0
36972 0 30000 1 s1 s2 0
36193 0 30000 1 s1 s2 0
41433 0 30000 1 s1 s2 0
39781 0 30000 1 s1 s2 0
36032 0 30000 1 s1 s2 0
35778 0 30000 1 s1 s2 0
35846 0 30000 1 s1 s2 0
