157666 0 30000 1 s1 s5 0
155406 0 30000 1 s1 s5 0
156126 0 30000 1 s1 s5 0
155637 0 30000 1 s1 s5 0
156917 0 30000 1 s1 s5 0
155631 0 30000 1 s1 s5 0
155527 0 30000 1 s1 s5 0
155840 0 30000 1 s1 s5 0
156236 0 30000 1 s1 s5 0
156008 0 30000 1 s1 s5 0
154946 0 30000 1 s1 s5 0
155725 0 30000 1 s1 s5 0
156309 0 30000 1 s1 s5 0
155732 0 30000 1 s1 s5 0
155203 0 30000 1 s1 s5 0
156175 0 30000 1 s1 s5 0
156214 0 30000 1 s1 s5 0
156054 0 30000 1 s1 s5 0
156032 0 30000 1 s1 s5 0
156387 0 30000 1 s1 s5 0
155830 0 30000 1 s1 s5 0
156106 0 30000 1 s1 s5 0
156274 0 30000 1 s1 s5 0
156221 0 30000 1 s1 s5 0
156537 0 30000 1 s1 s5 0
155431 0 30000 1 s1 s5 0
156854 0 30000 1 s1 s5 0
155764 0 30000 1 s1 s5 0
156184 0 30000 1 s1 s5 0
156039 0 30000 1 s1 s5 0
