96948 0 30000 1 s3 s4 0
96446 0 30000 1 s3 s4 0
95651 0 30000 1 s3 s4 0
96986 0 30000 1 s3 s4 0
96267 0 30000 1 s3 s4 0
95936 0 30000 1 s3 s4 0
95438 0 30000 1 s3 s4 0
96039 0 30000 1 s3 s4 0
95706 0 30000 1 s3 s4 0
98009 0 30000 1 s3 s4 0
95934 0 30000 1 s3 s4 0
95439 0 30000 1 s3 s4 0
96283 0 30000 1 s3 s4 0
95387 0 30000 1 s3 s4 0
96523 0 30000 1 s3 s4 0
96358 0 30000 1 s3 s4 0
96441 0 30000 1 s3 s4 0
96364 0 30000 1 s3 s4 0
95579 0 30000 1 s3 s4 0
96142 0 30000 1 s3 s4 0
96587 0 30000 1 s3 s4 0
95677 0 30000 1 s3 s4 0
99217 0 30000 1 s3 s4 0
96528 0 30000 1 s3 s4 0
96854 0 30000 1 s3 s4 0
96785 0 30000 1 s3 s4 0
96150 0 30000 1 s3 s4 0
96417 0 30000 1 s3 s4 0
95738 0 30000 1 s3 s4 0
96570 0 30000 1 s3 s4 0
