67412 0 30000 1 s2 s3 0
66782 0 30000 1 s2 s3 0
65579 0 30000 1 s2 s3 0
65906 0 30000 1 s2 s3 0
66681 0 30000 1 s2 s3 0
67342 0 30000 1 s2 s3 0
66187 0 30000 1 s2 s3 0
67427 0 30000 1 s2 s3 0
66788 0 30000 1 s2 s3 0
66240 0 30000 1 s2 s3 0
66431 0 30000 1 s2 s3 0
66317 0 30000 1 s2 s3 0
65732 0 30000 1 s2 s3 0
69124 0 30000 1 s2 s3 0
66170 0 30000 1 s2 s3 0
66482 0 30000 1 s2 s3 0
66588 0 30000 1 s2 s3 0
67124 0 30000 1 s2 s3 0
66872 0 30000 1 s2 s3 0
66087 0 30000 1 s2 s3 0
66442 0 30000 1 s2 s3 0
66608 0 30000 1 s2 s3 0
66552 0 30000 1 s2 s3 0
66238 0 30000 1 s2 s3 0
65830 0 30000 1 s2 s3 0
65882 0 30000 1 s2 s3 0
65518 0 30000 1 s2 s3 0
65699 0 30000 1 s2 s3 0
66852 0 30000 1 s2 s3 0
65638 0 30000 1 s2 s3 0
