125731 0 30000 1 s4 s5 0
125700 0 30000 1 s4 s5 0
125874 0 30000 1 s4 s5 0
125619 0 30000 1 s4 s5 0
125450 0 30000 1 s4 s5 0
124976 0 30000 1 s4 s5 0
125825 0 30000 1 s4 s5 0
126021 0 30000 1 s4 s5 0
125782 0 30000 1 s4 s5 0
126390 0 30000 1 s4 s5 0
125630 0 30000 1 s4 s5 0
125662 0 30000 1 s4 s5 0
126444 0 30000 1 s4 s5 0
127234 0 30000 1 s4 s5 0
125144 0 30000 1 s4 s5 0
125701 0 30000 1 s4 s5 0
126631 0 30000 1 s4 s5 0
125492 0 30000 1 s4 s5 0
127128 0 30000 1 s4 s5 0
125905 0 30000 1 s4 s5 0
125911 0 30000 1 s4 s5 0
125745 0 30000 1 s4 s5 0
126470 0 30000 1 s4 s5 0
129421 0 30000 1 s4 s5 0
126908 0 30000 1 s4 s5 0
128083 0 30000 1 s4 s5 0
125550 0 30000 1 s4 s5 0
125750 0 30000 1 s4 s5 0
126245 0 30000 1 s4 s5 0
126217 0 30000 1 s4 s5 0
