186949 323192 80000 1 s2 s3 0
172307 269683 80000 1 s2 s3 0
165201 253864 80000 1 s2 s3 0
164632 303046 80000 1 s2 s3 0
200628 226689 80000 1 s2 s3 0
164224 296675 80000 1 s2 s3 0
158500 317997 80000 1 s2 s3 0
144445 239164 80000 1 s2 s3 0
146678 247159 80000 1 s2 s3 0
153059 247952 80000 1 s2 s3 0
161448 295194 80000 1 s2 s3 0
167966 260739 80000 1 s2 s3 0
163172 246832 80000 1 s2 s3 0
171903 256015 80000 1 s2 s3 0
189019 274491 80000 1 s2 s3 0
152478 245293 80000 1 s2 s3 0
132288 234806 80000 1 s2 s3 0
174916 258055 80000 1 s2 s3 0
165473 264570 80000 1 s2 s3 0
187224 347379 80000 1 s2 s3 0
162068 248774 80000 1 s2 s3 0
177688 285057 80000 1 s2 s3 0
201208 255793 80000 1 s2 s3 0
171032 261380 80000 1 s2 s3 0
172841 267569 80000 1 s2 s3 0
162375 305746 80000 1 s2 s3 0
148874 270651 80000 1 s2 s3 0
183491 295473 80000 1 s2 s3 0
164032 296015 80000 1 s2 s3 0
170139 241974 80000 1 s2 s3 0
