258047 154031 80000 1 s4 s5 0
272825 186319 80000 1 s4 s5 0
179284 134188 80000 1 s4 s5 0
235049 158427 80000 1 s4 s5 0
172324 142752 80000 1 s4 s5 0
219333 135801 80000 1 s4 s5 0
234180 154999 80000 1 s4 s5 0
269612 189388 80000 1 s4 s5 0
295287 173944 80000 1 s4 s5 0
208549 155781 80000 1 s4 s5 0
198338 175284 80000 1 s4 s5 0
245425 157014 80000 1 s4 s5 0
294440 186028 80000 1 s4 s5 0
229057 189751 80000 1 s4 s5 0
240930 174415 80000 1 s4 s5 0
237974 214244 80000 1 s4 s5 0
291462 215172 80000 1 s4 s5 0
293420 191236 80000 1 s4 s5 0
213321 141473 80000 1 s4 s5 0
259124 175038 80000 1 s4 s5 0
222080 135827 80000 1 s4 s5 0
268189 201763 80000 1 s4 s5 0
286793 189987 80000 1 s4 s5 0
210253 147704 80000 1 s4 s5 0
282775 186612 80000 1 s4 s5 0
240581 162865 80000 1 s4 s5 0
222738 151403 80000 1 s4 s5 0
284162 159991 80000 1 s4 s5 0
186251 155949 80000 1 s4 s5 0
286330 155450 80000 1 s4 s5 0
