259686 0 50000 1 s1 s5 0
255109 0 50000 1 s1 s5 0
256386 0 50000 1 s1 s5 0
255806 0 50000 1 s1 s5 0
255540 0 50000 1 s1 s5 0
255260 0 50000 1 s1 s5 0
255607 0 50000 1 s1 s5 0
255514 0 50000 1 s1 s5 0
255243 0 50000 1 s1 s5 0
255108 0 50000 1 s1 s5 0
255638 0 50000 1 s1 s5 0
258904 0 50000 1 s1 s5 0
255028 0 50000 1 s1 s5 0
255127 0 50000 1 s1 s5 0
255405 0 50000 1 s1 s5 0
256305 0 50000 1 s1 s5 0
254732 0 50000 1 s1 s5 0
256298 0 50000 1 s1 s5 0
255713 0 50000 1 s1 s5 0
254870 0 50000 1 s1 s5 0
255104 0 50000 1 s1 s5 0
257511 0 50000 1 s1 s5 0
255279 0 50000 1 s1 s5 0
255260 0 50000 1 s1 s5 0
255449 0 50000 1 s1 s5 0
255062 0 50000 1 s1 s5 0
255551 0 50000 1 s1 s5 0
255733 0 50000 1 s1 s5 0
255387 0 50000 1 s1 s5 0
255699 0 50000 1 s1 s5 0
