106164 0 50000 1 s2 s3 0
106342 0 50000 1 s2 s3 0
106416 0 50000 1 s2 s3 0
105983 0 50000 1 s2 s3 0
106112 0 50000 1 s2 s3 0
105659 0 50000 1 s2 s3 0
106085 0 50000 1 s2 s3 0
105669 0 50000 1 s2 s3 0
106025 0 50000 1 s2 s3 0
106499 0 50000 1 s2 s3 0
106808 0 50000 1 s2 s3 0
105872 0 50000 1 s2 s3 0
106100 0 50000 1 s2 s3 0
106637 0 50000 1 s2 s3 0
106436 0 50000 1 s2 s3 0
107005 0 50000 1 s2 s3 0
106527 0 50000 1 s2 s3 0
107105 0 50000 1 s2 s3 0
106503 0 50000 1 s2 s3 0
106549 0 50000 1 s2 s3 0
106925 0 50000 1 s2 s3 0
106766 0 50000 1 s2 s3 0
105838 0 50000 1 s2 s3 0
106299 0 50000 1 s2 s3 0
105539 0 50000 1 s2 s3 0
105570 0 50000 1 s2 s3 0
105580 0 50000 1 s2 s3 0
105841 0 50000 1 s2 s3 0
105249 0 50000 1 s2 s3 0
105498 0 50000 1 s2 s3 0
