156313 0 50000 1 s3 s4 0
155922 0 50000 1 s3 s4 0
156439 0 50000 1 s3 s4 0
155312 0 50000 1 s3 s4 0
155945 0 50000 1 s3 s4 0
155642 0 50000 1 s3 s4 0
155334 0 50000 1 s3 s4 0
155818 0 50000 1 s3 s4 0
155504 0 50000 1 s3 s4 0
156014 0 50000 1 s3 s4 0
155698 0 50000 1 s3 s4 0
156392 0 50000 1 s3 s4 0
156842 0 50000 1 s3 s4 0
156424 0 50000 1 s3 s4 0
155818 0 50000 1 s3 s4 0
156758 0 50000 1 s3 s4 0
156572 0 50000 1 s3 s4 0
155726 0 50000 1 s3 s4 0
154886 0 50000 1 s3 s4 0
155053 0 50000 1 s3 s4 0
156053 0 50000 1 s3 s4 0
156309 0 50000 1 s3 s4 0
155156 0 50000 1 s3 s4 0
155458 0 50000 1 s3 s4 0
155195 0 50000 1 s3 s4 0
156243 0 50000 1 s3 s4 0
155479 0 50000 1 s3 s4 0
156451 0 50000 1 s3 s4 0
156568 0 50000 1 s3 s4 0
155777 0 50000 1 s3 s4 0
