205971 0 50000 1 s4 s5 0
206251 0 50000 1 s4 s5 0
205870 0 50000 1 s4 s5 0
205492 0 50000 1 s4 s5 0
205488 0 50000 1 s4 s5 0
205888 0 50000 1 s4 s5 0
205964 0 50000 1 s4 s5 0
206182 0 50000 1 s4 s5 0
205307 0 50000 1 s4 s5 0
206052 0 50000 1 s4 s5 0
205224 0 50000 1 s4 s5 0
206555 0 50000 1 s4 s5 0
207274 0 50000 1 s4 s5 0
206243 0 50000 1 s4 s5 0
206264 0 50000 1 s4 s5 0
205348 0 50000 1 s4 s5 0
225816 0 50000 1 s4 s5 0
205499 0 50000 1 s4 s5 0
205848 0 50000 1 s4 s5 0
205662 0 50000 1 s4 s5 0
205672 0 50000 1 s4 s5 0
205497 0 50000 1 s4 s5 0
205880 0 50000 1 s4 s5 0
205768 0 50000 1 s4 s5 0
206560 0 50000 1 s4 s5 0
205952 0 50000 1 s4 s5 0
206069 0 50000 1 s4 s5 0
206221 0 50000 1 s4 s5 0
205328 0 50000 1 s4 s5 0
206103 0 50000 1 s4 s5 0
