55950 0 50000 1 s1 s2 0
57472 0 50000 1 s1 s2 0
55883 0 50000 1 s1 s2 0
56305 0 50000 1 s1 s2 0
55867 0 50000 1 s1 s2 0
56176 0 50000 1 s1 s2 0
56062 0 50000 1 s1 s2 0
56301 0 50000 1 s1 s2 0
55409 0 50000 1 s1 s2 0
55711 0 50000 1 s1 s2 0
56436 0 50000 1 s1 s2 0
55430 0 50000 1 s1 s2 0
56820 0 50000 1 s1 s2 0
56639 0 50000 1 s1 s2 0
56254 0 50000 1 s1 s2 0
56351 0 50000 1 s1 s2 0
56245 0 50000 1 s1 s2 0
56248 0 50000 1 s1 s2 0
55754 0 50000 1 s1 s2 0
56042 0 50000 1 s1 s2 0
56355 0 50000 1 s1 s2 0
56478 0 50000 1 s1 s2 0
57032 0 50000 1 s1 s2 0
55576 0 50000 1 s1 s2 0
55764 0 50000 1 s1 s2 0
56258 0 50000 1 s1 s2 0
57055 0 50000 1 s1 s2 0
56846 0 50000 1 s1 s2 0
56691 0 50000 1 s1 s2 0
57350 0 50000 1 s1 s2 0
