40097 0 20000 1 s2 s3 0
55247 0 20000 1 s2 s3 0
54491 0 20000 1 s2 s3 0
61495 0 20000 1 s2 s3 0
56316 0 20000 1 s2 s3 0
40274 0 20000 1 s2 s3 0
55950 0 20000 1 s2 s3 0
53955 0 20000 1 s2 s3 0
56740 0 20000 1 s2 s3 0
40799 0 20000 1 s2 s3 0
40728 0 20000 1 s2 s3 0
60386 0 20000 1 s2 s3 0
61530 0 20000 1 s2 s3 0
53544 0 20000 1 s2 s3 0
59341 0 20000 1 s2 s3 0
59439 0 20000 1 s2 s3 0
59185 0 20000 1 s2 s3 0
56907 0 20000 1 s2 s3 0
55802 0 20000 1 s2 s3 0
62715 0 20000 1 s2 s3 0
60011 0 20000 1 s2 s3 0
70906 0 20000 1 s2 s3 0
41458 0 20000 1 s2 s3 0
61410 0 20000 1 s2 s3 0
54286 0 20000 1 s2 s3 0
40599 0 20000 1 s2 s3 0
58204 0 20000 1 s2 s3 0
55728 0 20000 1 s2 s3 0
40196 0 20000 1 s2 s3 0
58547 0 20000 1 s2 s3 0
