68363 0 20000 1 s3 s4 0
65573 0 20000 1 s3 s4 0
62350 0 20000 1 s3 s4 0
69867 0 20000 1 s3 s4 0
89736 0 20000 1 s3 s4 0
60023 0 20000 1 s3 s4 0
62133 0 20000 1 s3 s4 0
84493 0 20000 1 s3 s4 0
63492 0 20000 1 s3 s4 0
66450 0 20000 1 s3 s4 0
64427 0 20000 1 s3 s4 0
74767 0 20000 1 s3 s4 0
65223 0 20000 1 s3 s4 0
74043 0 20000 1 s3 s4 0
62488 0 20000 1 s3 s4 0
63175 0 20000 1 s3 s4 0
61244 0 20000 1 s3 s4 0
60408 0 20000 1 s3 s4 0
61519 0 20000 1 s3 s4 0
84432 0 20000 1 s3 s4 0
71484 0 20000 1 s3 s4 0
67430 0 20000 1 s3 s4 0
64984 0 20000 1 s3 s4 0
71686 0 20000 1 s3 s4 0
62581 0 20000 1 s3 s4 0
78183 0 20000 1 s3 s4 0
60008 0 20000 1 s3 s4 0
65818 0 20000 1 s3 s4 0
69088 0 20000 1 s3 s4 0
60959 0 20000 1 s3 s4 0
