114260 0 20000 1 s1 s5 0
100572 0 20000 1 s1 s5 0
117581 0 20000 1 s1 s5 0
100735 0 20000 1 s1 s5 0
100259 0 20000 1 s1 s5 0
122755 0 20000 1 s1 s5 0
105014 0 20000 1 s1 s5 0
123286 0 20000 1 s1 s5 0
100193 0 20000 1 s1 s5 0
100096 0 20000 1 s1 s5 0
102677 0 20000 1 s1 s5 0
114917 0 20000 1 s1 s5 0
115623 0 20000 1 s1 s5 0
100581 0 20000 1 s1 s5 0
114664 0 20000 1 s1 s5 0
100924 0 20000 1 s1 s5 0
115360 0 20000 1 s1 s5 0
116027 0 20000 1 s1 s5 0
102535 0 20000 1 s1 s5 0
115115 0 20000 1 s1 s5 0
114738 0 20000 1 s1 s5 0
115251 0 20000 1 s1 s5 0
116536 0 20000 1 s1 s5 0
115278 0 20000 1 s1 s5 0
100234 0 20000 1 s1 s5 0
116860 0 20000 1 s1 s5 0
100888 0 20000 1 s1 s5 0
115499 0 20000 1 s1 s5 0
100807 0 20000 1 s1 s5 0
114570 0 20000 1 s1 s5 0
