99904 0 20000 1 s4 s5 0
80307 0 20000 1 s4 s5 0
108577 0 20000 1 s4 s5 0
80239 0 20000 1 s4 s5 0
80932 0 20000 1 s4 s5 0
80225 0 20000 1 s4 s5 0
107745 0 20000 1 s4 s5 0
80369 0 20000 1 s4 s5 0
81585 0 20000 1 s4 s5 0
97832 0 20000 1 s4 s5 0
80121 0 20000 1 s4 s5 0
80732 0 20000 1 s4 s5 0
108550 0 20000 1 s4 s5 0
90655 0 20000 1 s4 s5 0
113041 0 20000 1 s4 s5 0
96733 0 20000 1 s4 s5 0
97020 0 20000 1 s4 s5 0
94394 0 20000 1 s4 s5 0
100600 0 20000 1 s4 s5 0
89452 0 20000 1 s4 s5 0
82907 0 20000 1 s4 s5 0
108685 0 20000 1 s4 s5 0
90839 0 20000 1 s4 s5 0
99104 0 20000 1 s4 s5 0
84634 0 20000 1 s4 s5 0
85279 0 20000 1 s4 s5 0
84710 0 20000 1 s4 s5 0
85045 0 20000 1 s4 s5 0
84959 0 20000 1 s4 s5 0
87480 0 20000 1 s4 s5 0
