30407 0 20000 1 s1 s2 0
27235 0 20000 1 s1 s2 0
27485 0 20000 1 s1 s2 0
27416 0 20000 1 s1 s2 0
30527 0 20000 1 s1 s2 0
30033 0 20000 1 s1 s2 0
26887 0 20000 1 s1 s2 0
30754 0 20000 1 s1 s2 0
26920 0 20000 1 s1 s2 0
29125 0 20000 1 s1 s2 0
32645 0 20000 1 s1 s2 0
29514 0 20000 1 s1 s2 0
31874 0 20000 1 s1 s2 0
26875 0 20000 1 s1 s2 0
26906 0 20000 1 s1 s2 0
30427 0 20000 1 s1 s2 0
26618 0 20000 1 s1 s2 0
32742 0 20000 1 s1 s2 0
26156 0 20000 1 s1 s2 0
29059 0 20000 1 s1 s2 0
26113 0 20000 1 s1 s2 0
26661 0 20000 1 s1 s2 0
29348 0 20000 1 s1 s2 0
29267 0 20000 1 s1 s2 0
27297 0 20000 1 s1 s2 0
27953 0 20000 1 s1 s2 0
26871 0 20000 1 s1 s2 0
35309 0 20000 1 s1 s2 0
27848 0 20000 1 s1 s2 0
26678 0 20000 1 s1 s2 0
