93521 300526 80000 1 s1 s2 0
130409 310914 80000 1 s1 s2 0
125757 305124 80000 1 s1 s2 0
118309 338103 80000 1 s1 s2 0
130881 311906 80000 1 s1 s2 0
102454 328076 80000 1 s1 s2 0
116152 319042 80000 1 s1 s2 0
98126 356279 80000 1 s1 s2 0
110406 357341 80000 1 s1 s2 0
111754 350142 80000 1 s1 s2 0
101602 364652 80000 1 s1 s2 0
90825 310670 80000 1 s1 s2 0
97068 309592 80000 1 s1 s2 0
110435 311579 80000 1 s1 s2 0
91513 306912 80000 1 s1 s2 0
102768 286484 80000 1 s1 s2 0
112719 352102 80000 1 s1 s2 0
97293 266151 80000 1 s1 s2 0
148347 291770 80000 1 s1 s2 0
140206 342620 80000 1 s1 s2 0
125786 361976 80000 1 s1 s2 0
96656 408527 80000 1 s1 s2 0
128376 308108 80000 1 s1 s2 0
100278 325423 80000 1 s1 s2 0
115816 321067 80000 1 s1 s2 0
121888 377097 80000 1 s1 s2 0
128350 315270 80000 1 s1 s2 0
104694 339709 80000 1 s1 s2 0
97878 288388 80000 1 s1 s2 0
100051 336571 80000 1 s1 s2 0
