96568 93454 80000 1 s1 s5 0
285329 124930 80000 1 s1 s5 0
236446 104381 80000 1 s1 s5 0
123706 119782 80000 1 s1 s5 0
161196 109413 80000 1 s1 s5 0
233341 109843 80000 1 s1 s5 0
283093 109748 80000 1 s1 s5 0
197654 102627 80000 1 s1 s5 0
247772 111871 80000 1 s1 s5 0
179678 123367 80000 1 s1 s5 0
165068 98544 80000 1 s1 s5 0
192172 122760 80000 1 s1 s5 0
213212 91941 80000 1 s1 s5 0
197156 109889 80000 1 s1 s5 0
181705 124465 80000 1 s1 s5 0
103871 88005 80000 1 s1 s5 0
213594 115353 80000 1 s1 s5 0
147355 101412 80000 1 s1 s5 0
205860 107245 80000 1 s1 s5 0
154125 93791 80000 1 s1 s5 0
183102 93757 80000 1 s1 s5 0
194341 122625 80000 1 s1 s5 0
205917 97805 80000 1 s1 s5 0
169891 92981 80000 1 s1 s5 0
193520 108696 80000 1 s1 s5 0
225222 146584 80000 1 s1 s5 0
203413 141451 80000 1 s1 s5 0
197065 97197 80000 1 s1 s5 0
217347 118671 80000 1 s1 s5 0
281355 136850 80000 1 s1 s5 0
