182021 211629 80000 1 s3 s4 0
211554 211034 80000 1 s3 s4 0
233791 219191 80000 1 s3 s4 0
207233 194210 80000 1 s3 s4 0
181065 221548 80000 1 s3 s4 0
200789 236651 80000 1 s3 s4 0
199507 226987 80000 1 s3 s4 0
179464 183393 80000 1 s3 s4 0
239038 238669 80000 1 s3 s4 0
213641 222094 80000 1 s3 s4 0
267279 194650 80000 1 s3 s4 0
193223 231722 80000 1 s3 s4 0
199456 206577 80000 1 s3 s4 0
202909 212955 80000 1 s3 s4 0
212267 211498 80000 1 s3 s4 0
211848 225524 80000 1 s3 s4 0
186255 203556 80000 1 s3 s4 0
189118 191508 80000 1 s3 s4 0
205374 266577 80000 1 s3 s4 0
196390 207334 80000 1 s3 s4 0
215796 210516 80000 1 s3 s4 0
228753 233691 80000 1 s3 s4 0
230401 208636 80000 1 s3 s4 0
209393 225972 80000 1 s3 s4 0
223795 193220 80000 1 s3 s4 0
199650 185697 80000 1 s3 s4 0
243860 231659 80000 1 s3 s4 0
249207 247279 80000 1 s3 s4 0
203781 169740 80000 1 s3 s4 0
191939 207072 80000 1 s3 s4 0
