157910 283139 60000 1 s2 s3 0
172000 319063 60000 1 s2 s3 0
151578 245574 60000 1 s2 s3 0
165082 229533 60000 1 s2 s3 0
126122 284751 60000 1 s2 s3 0
154618 263826 60000 1 s2 s3 0
147741 251741 60000 1 s2 s3 0
163389 224547 60000 1 s2 s3 0
135280 244950 60000 1 s2 s3 0
177536 248409 60000 1 s2 s3 0
144540 264135 60000 1 s2 s3 0
152358 258295 60000 1 s2 s3 0
170526 260357 60000 1 s2 s3 0
158135 259276 60000 1 s2 s3 0
177733 276502 60000 1 s2 s3 0
137359 236164 60000 1 s2 s3 0
149832 257900 60000 1 s2 s3 0
174256 280219 60000 1 s2 s3 0
156054 230403 60000 1 s2 s3 0
136509 264261 60000 1 s2 s3 0
143471 233177 60000 1 s2 s3 0
143713 262603 60000 1 s2 s3 0
128038 270417 60000 1 s2 s3 0
150189 226516 60000 1 s2 s3 0
145083 257360 60000 1 s2 s3 0
177999 276838 60000 1 s2 s3 0
120155 222968 60000 1 s2 s3 0
179858 239209 60000 1 s2 s3 0
171227 266555 60000 1 s2 s3 0
156224 288839 60000 1 s2 s3 0
