222126 72987 60000 1 s1 s5 0
151877 71204 60000 1 s1 s5 0
115477 67945 60000 1 s1 s5 0
205408 72263 60000 1 s1 s5 0
267246 137652 60000 1 s1 s5 0
150876 94225 60000 1 s1 s5 0
288365 108628 60000 1 s1 s5 0
198107 122915 60000 1 s1 s5 0
138148 67118 60000 1 s1 s5 0
185602 127028 60000 1 s1 s5 0
278750 109368 60000 1 s1 s5 0
212436 121065 60000 1 s1 s5 0
174548 114935 60000 1 s1 s5 0
183491 99150 60000 1 s1 s5 0
150226 99293 60000 1 s1 s5 0
111154 74317 60000 1 s1 s5 0
199281 130713 60000 1 s1 s5 0
171911 80839 60000 1 s1 s5 0
102205 93141 60000 1 s1 s5 0
182512 112819 60000 1 s1 s5 0
235855 127374 60000 1 s1 s5 0
130594 85395 60000 1 s1 s5 0
241643 124175 60000 1 s1 s5 0
207853 96126 60000 1 s1 s5 0
242596 129349 60000 1 s1 s5 0
161975 106677 60000 1 s1 s5 0
146990 91395 60000 1 s1 s5 0
254991 162510 60000 1 s1 s5 0
222771 110104 60000 1 s1 s5 0
196832 122397 60000 1 s1 s5 0
