211868 224571 60000 1 s3 s4 0
186226 170391 60000 1 s3 s4 0
206450 190781 60000 1 s3 s4 0
217156 231670 60000 1 s3 s4 0
213789 173784 60000 1 s3 s4 0
209317 205176 60000 1 s3 s4 0
209843 194651 60000 1 s3 s4 0
187985 190382 60000 1 s3 s4 0
234086 217019 60000 1 s3 s4 0
198710 199989 60000 1 s3 s4 0
224956 213668 60000 1 s3 s4 0
175055 175259 60000 1 s3 s4 0
159759 201820 60000 1 s3 s4 0
170771 251447 60000 1 s3 s4 0
237393 216318 60000 1 s3 s4 0
231304 203519 60000 1 s3 s4 0
198407 211796 60000 1 s3 s4 0
240473 227473 60000 1 s3 s4 0
197165 210604 60000 1 s3 s4 0
204094 207044 60000 1 s3 s4 0
200679 214721 60000 1 s3 s4 0
214134 238862 60000 1 s3 s4 0
209801 162044 60000 1 s3 s4 0
200347 186929 60000 1 s3 s4 0
179094 222618 60000 1 s3 s4 0
175874 206492 60000 1 s3 s4 0
198466 220667 60000 1 s3 s4 0
202495 183256 60000 1 s3 s4 0
207008 203505 60000 1 s3 s4 0
227753 186030 60000 1 s3 s4 0
