325819 0 80000 1 s4 s5 0
325703 0 80000 1 s4 s5 0
326426 0 80000 1 s4 s5 0
325899 0 80000 1 s4 s5 0
325626 0 80000 1 s4 s5 0
325881 0 80000 1 s4 s5 0
325664 0 80000 1 s4 s5 0
325607 0 80000 1 s4 s5 0
325203 0 80000 1 s4 s5 0
325169 0 80000 1 s4 s5 0
325180 0 80000 1 s4 s5 0
325652 0 80000 1 s4 s5 0
328341 0 80000 1 s4 s5 0
325475 0 80000 1 s4 s5 0
326119 0 80000 1 s4 s5 0
326741 0 80000 1 s4 s5 0
325622 0 80000 1 s4 s5 0
325339 0 80000 1 s4 s5 0
325683 0 80000 1 s4 s5 0
325659 0 80000 1 s4 s5 0
326096 0 80000 1 s4 s5 0
325723 0 80000 1 s4 s5 0
326373 0 80000 1 s4 s5 0
325263 0 80000 1 s4 s5 0
324799 0 80000 1 s4 s5 0
326301 0 80000 1 s4 s5 0
326085 0 80000 1 s4 s5 0
325538 0 80000 1 s4 s5 0
325971 0 80000 1 s4 s5 0
326311 0 80000 1 s4 s5 0
