87754 0 80000 1 s1 s2 0
87728 0 80000 1 s1 s2 0
87322 0 80000 1 s1 s2 0
85681 0 80000 1 s1 s2 0
86497 0 80000 1 s1 s2 0
86242 0 80000 1 s1 s2 0
85898 0 80000 1 s1 s2 0
86505 0 80000 1 s1 s2 0
88344 0 80000 1 s1 s2 0
86799 0 80000 1 s1 s2 0
87717 0 80000 1 s1 s2 0
87408 0 80000 1 s1 s2 0
87234 0 80000 1 s1 s2 0
87058 0 80000 1 s1 s2 0
86855 0 80000 1 s1 s2 0
87424 0 80000 1 s1 s2 0
86910 0 80000 1 s1 s2 0
88205 0 80000 1 s1 s2 0
87411 0 80000 1 s1 s2 0
86472 0 80000 1 s1 s2 0
87202 0 80000 1 s1 s2 0
86892 0 80000 1 s1 s2 0
85889 0 80000 1 s1 s2 0
86172 0 80000 1 s1 s2 0
86968 0 80000 1 s1 s2 0
87116 0 80000 1 s1 s2 0
86436 0 80000 1 s1 s2 0
86587 0 80000 1 s1 s2 0
86435 0 80000 1 s1 s2 0
86709 0 80000 1 s1 s2 0
