166293 0 80000 1 s2 s3 0
166315 0 80000 1 s2 s3 0
165702 0 80000 1 s2 s3 0
167049 0 80000 1 s2 s3 0
166417 0 80000 1 s2 s3 0
166219 0 80000 1 s2 s3 0
166543 0 80000 1 s2 s3 0
166323 0 80000 1 s2 s3 0
166286 0 80000 1 s2 s3 0
166343 0 80000 1 s2 s3 0
166472 0 80000 1 s2 s3 0
166462 0 80000 1 s2 s3 0
166550 0 80000 1 s2 s3 0
166570 0 80000 1 s2 s3 0
165841 0 80000 1 s2 s3 0
167261 0 80000 1 s2 s3 0
166664 0 80000 1 s2 s3 0
166302 0 80000 1 s2 s3 0
166966 0 80000 1 s2 s3 0
166763 0 80000 1 s2 s3 0
166303 0 80000 1 s2 s3 0
166340 0 80000 1 s2 s3 0
166549 0 80000 1 s2 s3 0
166404 0 80000 1 s2 s3 0
166340 0 80000 1 s2 s3 0
166990 0 80000 1 s2 s3 0
166851 0 80000 1 s2 s3 0
167313 0 80000 1 s2 s3 0
166852 0 80000 1 s2 s3 0
166425 0 80000 1 s2 s3 0
