405909 0 80000 1 s1 s5 0
405669 0 80000 1 s1 s5 0
404425 0 80000 1 s1 s5 0
404938 0 80000 1 s1 s5 0
405114 0 80000 1 s1 s5 0
408258 0 80000 1 s1 s5 0
404939 0 80000 1 s1 s5 0
405178 0 80000 1 s1 s5 0
406616 0 80000 1 s1 s5 0
405898 0 80000 1 s1 s5 0
405640 0 80000 1 s1 s5 0
406080 0 80000 1 s1 s5 0
405721 0 80000 1 s1 s5 0
406032 0 80000 1 s1 s5 0
405804 0 80000 1 s1 s5 0
405332 0 80000 1 s1 s5 0
406250 0 80000 1 s1 s5 0
405180 0 80000 1 s1 s5 0
406329 0 80000 1 s1 s5 0
405531 0 80000 1 s1 s5 0
404964 0 80000 1 s1 s5 0
406063 0 80000 1 s1 s5 0
405325 0 80000 1 s1 s5 0
405103 0 80000 1 s1 s5 0
405178 0 80000 1 s1 s5 0
406445 0 80000 1 s1 s5 0
406419 0 80000 1 s1 s5 0
406330 0 80000 1 s1 s5 0
405666 0 80000 1 s1 s5 0
405681 0 80000 1 s1 s5 0
