245765 0 80000 1 s3 s4 0
246401 0 80000 1 s3 s4 0
245758 0 80000 1 s3 s4 0
246827 0 80000 1 s3 s4 0
245544 0 80000 1 s3 s4 0
245591 0 80000 1 s3 s4 0
245993 0 80000 1 s3 s4 0
245523 0 80000 1 s3 s4 0
247057 0 80000 1 s3 s4 0
246143 0 80000 1 s3 s4 0
246170 0 80000 1 s3 s4 0
246287 0 80000 1 s3 s4 0
246408 0 80000 1 s3 s4 0
246193 0 80000 1 s3 s4 0
246215 0 80000 1 s3 s4 0
246173 0 80000 1 s3 s4 0
246911 0 80000 1 s3 s4 0
245821 0 80000 1 s3 s4 0
246388 0 80000 1 s3 s4 0
246353 0 80000 1 s3 s4 0
246538 0 80000 1 s3 s4 0
246411 0 80000 1 s3 s4 0
245866 0 80000 1 s3 s4 0
246507 0 80000 1 s3 s4 0
246374 0 80000 1 s3 s4 0
245994 0 80000 1 s3 s4 0
245981 0 80000 1 s3 s4 0
246486 0 80000 1 s3 s4 0
245859 0 80000 1 s3 s4 0
245697 0 80000 1 s3 s4 0
