356568 0 70000 1 s1 s5 0
355304 0 70000 1 s1 s5 0
356372 0 70000 1 s1 s5 0
356641 0 70000 1 s1 s5 0
355315 0 70000 1 s1 s5 0
356442 0 70000 1 s1 s5 0
355663 0 70000 1 s1 s5 0
355737 0 70000 1 s1 s5 0
355437 0 70000 1 s1 s5 0
355445 0 70000 1 s1 s5 0
355525 0 70000 1 s1 s5 0
355786 0 70000 1 s1 s5 0
355781 0 70000 1 s1 s5 0
355819 0 70000 1 s1 s5 0
355794 0 70000 1 s1 s5 0
356283 0 70000 1 s1 s5 0
355657 0 70000 1 s1 s5 0
355997 0 70000 1 s1 s5 0
355470 0 70000 1 s1 s5 0
355606 0 70000 1 s1 s5 0
355565 0 70000 1 s1 s5 0
355749 0 70000 1 s1 s5 0
355724 0 70000 1 s1 s5 0
355950 0 70000 1 s1 s5 0
356307 0 70000 1 s1 s5 0
355799 0 70000 1 s1 s5 0
356304 0 70000 1 s1 s5 0
355595 0 70000 1 s1 s5 0
355762 0 70000 1 s1 s5 0
355648 0 70000 1 s1 s5 0
