165662 0 40000 1 s4 s5 0
167186 0 40000 1 s4 s5 0
164691 0 40000 1 s4 s5 0
165819 0 40000 1 s4 s5 0
166300 0 40000 1 s4 s5 0
166931 0 40000 1 s4 s5 0
165517 0 40000 1 s4 s5 0
166453 0 40000 1 s4 s5 0
166226 0 40000 1 s4 s5 0
166637 0 40000 1 s4 s5 0
165796 0 40000 1 s4 s5 0
166253 0 40000 1 s4 s5 0
168257 0 40000 1 s4 s5 0
166558 0 40000 1 s4 s5 0
167746 0 40000 1 s4 s5 0
166379 0 40000 1 s4 s5 0
167409 0 40000 1 s4 s5 0
165581 0 40000 1 s4 s5 0
166075 0 40000 1 s4 s5 0
166051 0 40000 1 s4 s5 0
165169 0 40000 1 s4 s5 0
165732 0 40000 1 s4 s5 0
165568 0 40000 1 s4 s5 0
165883 0 40000 1 s4 s5 0
166137 0 40000 1 s4 s5 0
165645 0 40000 1 s4 s5 0
166193 0 40000 1 s4 s5 0
166031 0 40000 1 s4 s5 0
166088 0 40000 1 s4 s5 0
165830 0 40000 1 s4 s5 0
