46399 0 40000 1 s1 s2 0
46632 0 40000 1 s1 s2 0
47301 0 40000 1 s1 s2 0
46939 0 40000 1 s1 s2 0
47447 0 40000 1 s1 s2 0
45688 0 40000 1 s1 s2 0
46661 0 40000 1 s1 s2 0
47543 0 40000 1 s1 s2 0
46928 0 40000 1 s1 s2 0
46735 0 40000 1 s1 s2 0
47293 0 40000 1 s1 s2 0
46781 0 40000 1 s1 s2 0
45707 0 40000 1 s1 s2 0
46993 0 40000 1 s1 s2 0
46537 0 40000 1 s1 s2 0
46838 0 40000 1 s1 s2 0
47349 0 40000 1 s1 s2 0
46225 0 40000 1 s1 s2 0
46015 0 40000 1 s1 s2 0
46459 0 40000 1 s1 s2 0
45891 0 40000 1 s1 s2 0
48210 0 40000 1 s1 s2 0
46566 0 40000 1 s1 s2 0
46465 0 40000 1 s1 s2 0
47678 0 40000 1 s1 s2 0
46452 0 40000 1 s1 s2 0
47712 0 40000 1 s1 s2 0
46796 0 40000 1 s1 s2 0
46662 0 40000 1 s1 s2 0
47492 0 40000 1 s1 s2 0
