126068 0 40000 1 s3 s4 0
125870 0 40000 1 s3 s4 0
126151 0 40000 1 s3 s4 0
126338 0 40000 1 s3 s4 0
126795 0 40000 1 s3 s4 0
126299 0 40000 1 s3 s4 0
126436 0 40000 1 s3 s4 0
130502 0 40000 1 s3 s4 0
126139 0 40000 1 s3 s4 0
126407 0 40000 1 s3 s4 0
126602 0 40000 1 s3 s4 0
126545 0 40000 1 s3 s4 0
126281 0 40000 1 s3 s4 0
126795 0 40000 1 s3 s4 0
126134 0 40000 1 s3 s4 0
125642 0 40000 1 s3 s4 0
126031 0 40000 1 s3 s4 0
126520 0 40000 1 s3 s4 0
126965 0 40000 1 s3 s4 0
126281 0 40000 1 s3 s4 0
126482 0 40000 1 s3 s4 0
126348 0 40000 1 s3 s4 0
125704 0 40000 1 s3 s4 0
126326 0 40000 1 s3 s4 0
126303 0 40000 1 s3 s4 0
125856 0 40000 1 s3 s4 0
125618 0 40000 1 s3 s4 0
125694 0 40000 1 s3 s4 0
126696 0 40000 1 s3 s4 0
126330 0 40000 1 s3 s4 0
