85499 0 40000 1 s2 s3 0
86616 0 40000 1 s2 s3 0
85955 0 40000 1 s2 s3 0
85573 0 40000 1 s2 s3 0
85655 0 40000 1 s2 s3 0
86480 0 40000 1 s2 s3 0
86189 0 40000 1 s2 s3 0
86029 0 40000 1 s2 s3 0
85666 0 40000 1 s2 s3 0
86576 0 40000 1 s2 s3 0
86148 0 40000 1 s2 s3 0
86706 0 40000 1 s2 s3 0
86747 0 40000 1 s2 s3 0
85734 0 40000 1 s2 s3 0
85996 0 40000 1 s2 s3 0
86070 0 40000 1 s2 s3 0
86973 0 40000 1 s2 s3 0
86825 0 40000 1 s2 s3 0
86928 0 40000 1 s2 s3 0
86811 0 40000 1 s2 s3 0
87418 0 40000 1 s2 s3 0
86498 0 40000 1 s2 s3 0
87061 0 40000 1 s2 s3 0
87346 0 40000 1 s2 s3 0
85271 0 40000 1 s2 s3 0
86555 0 40000 1 s2 s3 0
86894 0 40000 1 s2 s3 0
86687 0 40000 1 s2 s3 0
86241 0 40000 1 s2 s3 0
86281 0 40000 1 s2 s3 0
