206289 0 40000 1 s1 s5 0
210045 0 40000 1 s1 s5 0
211747 0 40000 1 s1 s5 0
206318 0 40000 1 s1 s5 0
205941 0 40000 1 s1 s5 0
209836 0 40000 1 s1 s5 0
206014 0 40000 1 s1 s5 0
206078 0 40000 1 s1 s5 0
205614 0 40000 1 s1 s5 0
206194 0 40000 1 s1 s5 0
208187 0 40000 1 s1 s5 0
204635 0 40000 1 s1 s5 0
205880 0 40000 1 s1 s5 0
204664 0 40000 1 s1 s5 0
205566 0 40000 1 s1 s5 0
205891 0 40000 1 s1 s5 0
205396 0 40000 1 s1 s5 0
205666 0 40000 1 s1 s5 0
211559 0 40000 1 s1 s5 0
205590 0 40000 1 s1 s5 0
205647 0 40000 1 s1 s5 0
208735 0 40000 1 s1 s5 0
205190 0 40000 1 s1 s5 0
206141 0 40000 1 s1 s5 0
206321 0 40000 1 s1 s5 0
205736 0 40000 1 s1 s5 0
205032 0 40000 1 s1 s5 0
206627 0 40000 1 s1 s5 0
205635 0 40000 1 s1 s5 0
205684 0 40000 1 s1 s5 0
