302861 185162 120000 1 s4 s5 0
302993 203658 120000 1 s4 s5 0
253092 180700 120000 1 s4 s5 0
368957 262444 120000 1 s4 s5 0
270393 185532 120000 1 s4 s5 0
307690 222819 120000 1 s4 s5 0
342181 257277 120000 1 s4 s5 0
257360 195536 120000 1 s4 s5 0
284634 216652 120000 1 s4 s5 0
264980 228167 120000 1 s4 s5 0
291405 166213 120000 1 s4 s5 0
231845 194568 120000 1 s4 s5 0
323587 235498 120000 1 s4 s5 0
307259 223629 120000 1 s4 s5 0
275476 199832 120000 1 s4 s5 0
271050 229399 120000 1 s4 s5 0
266135 194973 120000 1 s4 s5 0
141307 205263 120000 1 s4 s5 0
252913 188930 120000 1 s4 s5 0
326349 227223 120000 1 s4 s5 0
331601 224599 120000 1 s4 s5 0
251695 185174 120000 1 s4 s5 0
308599 190788 120000 1 s4 s5 0
271644 200229 120000 1 s4 s5 0
294513 180333 120000 1 s4 s5 0
369570 216491 120000 1 s4 s5 0
261776 200490 120000 1 s4 s5 0
317427 238414 120000 1 s4 s5 0
327524 197520 120000 1 s4 s5 0
345627 227704 120000 1 s4 s5 0
