277102 184347 120000 1 s1 s5 0
235204 151680 120000 1 s1 s5 0
345343 148630 120000 1 s1 s5 0
190103 157292 120000 1 s1 s5 0
240745 143987 120000 1 s1 s5 0
262415 152237 120000 1 s1 s5 0
247734 178221 120000 1 s1 s5 0
308027 133651 120000 1 s1 s5 0
232662 132453 120000 1 s1 s5 0
241925 158001 120000 1 s1 s5 0
268804 156103 120000 1 s1 s5 0
286824 181887 120000 1 s1 s5 0
231314 179965 120000 1 s1 s5 0
329782 166116 120000 1 s1 s5 0
213987 135640 120000 1 s1 s5 0
226284 146238 120000 1 s1 s5 0
195490 141849 120000 1 s1 s5 0
279034 164978 120000 1 s1 s5 0
227061 163741 120000 1 s1 s5 0
287594 159674 120000 1 s1 s5 0
205020 148902 120000 1 s1 s5 0
240184 166415 120000 1 s1 s5 0
242067 157366 120000 1 s1 s5 0
263252 183970 120000 1 s1 s5 0
147930 139809 120000 1 s1 s5 0
218851 131422 120000 1 s1 s5 0
210504 134319 120000 1 s1 s5 0
159409 151885 120000 1 s1 s5 0
219953 132431 120000 1 s1 s5 0
245919 155508 120000 1 s1 s5 0
