164709 349840 120000 1 s1 s2 0
180893 381995 120000 1 s1 s2 0
156663 333547 120000 1 s1 s2 0
157150 340166 120000 1 s1 s2 0
160910 350798 120000 1 s1 s2 0
135210 386719 120000 1 s1 s2 0
152402 387933 120000 1 s1 s2 0
142473 395198 120000 1 s1 s2 0
141514 347904 120000 1 s1 s2 0
153675 333810 120000 1 s1 s2 0
161976 346033 120000 1 s1 s2 0
183988 364211 120000 1 s1 s2 0
164136 391861 120000 1 s1 s2 0
147153 309675 120000 1 s1 s2 0
158327 371872 120000 1 s1 s2 0
168809 389833 120000 1 s1 s2 0
203801 347589 120000 1 s1 s2 0
130393 349821 120000 1 s1 s2 0
142341 396871 120000 1 s1 s2 0
179874 311317 120000 1 s1 s2 0
156083 386694 120000 1 s1 s2 0
154034 472117 120000 1 s1 s2 0
161252 381207 120000 1 s1 s2 0
168981 343251 120000 1 s1 s2 0
169730 409038 120000 1 s1 s2 0
174419 374571 120000 1 s1 s2 0
154901 378305 120000 1 s1 s2 0
158236 332802 120000 1 s1 s2 0
184007 391735 120000 1 s1 s2 0
133558 344684 120000 1 s1 s2 0
