280849 245223 120000 1 s3 s4 0
260830 272429 120000 1 s3 s4 0
254972 261326 120000 1 s3 s4 0
235208 231425 120000 1 s3 s4 0
225637 241389 120000 1 s3 s4 0
250890 240108 120000 1 s3 s4 0
245893 225527 120000 1 s3 s4 0
235695 255401 120000 1 s3 s4 0
282443 288936 120000 1 s3 s4 0
282739 299382 120000 1 s3 s4 0
240216 256428 120000 1 s3 s4 0
267988 247595 120000 1 s3 s4 0
272640 266594 120000 1 s3 s4 0
263955 241021 120000 1 s3 s4 0
261590 270599 120000 1 s3 s4 0
234768 218938 120000 1 s3 s4 0
264275 263296 120000 1 s3 s4 0
259152 241750 120000 1 s3 s4 0
309697 286838 120000 1 s3 s4 0
254111 235397 120000 1 s3 s4 0
247500 268939 120000 1 s3 s4 0
249784 259356 120000 1 s3 s4 0
236888 263643 120000 1 s3 s4 0
272822 250619 120000 1 s3 s4 0
275352 256328 120000 1 s3 s4 0
251670 271085 120000 1 s3 s4 0
253084 251791 120000 1 s3 s4 0
269062 247877 120000 1 s3 s4 0
262159 275495 120000 1 s3 s4 0
255916 238443 120000 1 s3 s4 0
