203968 320540 120000 1 s2 s3 0
225237 312049 120000 1 s2 s3 0
202162 290149 120000 1 s2 s3 0
190542 310827 120000 1 s2 s3 0
185608 341537 120000 1 s2 s3 0
180430 346851 120000 1 s2 s3 0
195601 302164 120000 1 s2 s3 0
232464 295752 120000 1 s2 s3 0
227412 331208 120000 1 s2 s3 0
238201 317236 120000 1 s2 s3 0
208421 279787 120000 1 s2 s3 0
187974 273251 120000 1 s2 s3 0
182597 267754 120000 1 s2 s3 0
211109 291697 120000 1 s2 s3 0
205253 348177 120000 1 s2 s3 0
197620 323974 120000 1 s2 s3 0
201765 354351 120000 1 s2 s3 0
209785 316770 120000 1 s2 s3 0
193233 253001 120000 1 s2 s3 0
216019 333387 120000 1 s2 s3 0
193751 303251 120000 1 s2 s3 0
186067 318586 120000 1 s2 s3 0
194436 309529 120000 1 s2 s3 0
222923 314050 120000 1 s2 s3 0
200187 323756 120000 1 s2 s3 0
189137 288345 120000 1 s2 s3 0
216531 296134 120000 1 s2 s3 0
231695 307380 120000 1 s2 s3 0
192078 288779 120000 1 s2 s3 0
194522 301269 120000 1 s2 s3 0
