26141 0 20000 1 s2 s3 0
25862 0 20000 1 s2 s3 0
37790 0 20000 1 s2 s3 0
29969 0 20000 1 s2 s3 0
25842 0 20000 1 s2 s3 0
33889 0 20000 1 s2 s3 0
33544 0 20000 1 s2 s3 0
27857 0 20000 1 s2 s3 0
25933 0 20000 1 s2 s3 0
25813 0 20000 1 s2 s3 0
25497 0 20000 1 s2 s3 0
26754 0 20000 1 s2 s3 0
29601 0 20000 1 s2 s3 0
26475 0 20000 1 s2 s3 0
25530 0 20000 1 s2 s3 0
25855 0 20000 1 s2 s3 0
33671 0 20000 1 s2 s3 0
25748 0 20000 1 s2 s3 0
25667 0 20000 1 s2 s3 0
25960 0 20000 1 s2 s3 0
25576 0 20000 1 s2 s3 0
25819 0 20000 1 s2 s3 0
25587 0 20000 1 s2 s3 0
25824 0 20000 1 s2 s3 0
28244 0 20000 1 s2 s3 0
26231 0 20000 1 s2 s3 0
25737 0 20000 1 s2 s3 0
26007 0 20000 1 s2 s3 0
25681 0 20000 1 s2 s3 0
30181 0 20000 1 s2 s3 0
