28541 0 20000 1 s4 s5 0
32036 0 20000 1 s4 s5 0
31840 0 20000 1 s4 s5 0
29038 0 20000 1 s4 s5 0
31457 0 20000 1 s4 s5 0
27698 0 20000 1 s4 s5 0
28947 0 20000 1 s4 s5 0
30967 0 20000 1 s4 s5 0
27563 0 20000 1 s4 s5 0
26305 0 20000 1 s4 s5 0
33002 0 20000 1 s4 s5 0
31163 0 20000 1 s4 s5 0
28526 0 20000 1 s4 s5 0
34892 0 20000 1 s4 s5 0
32788 0 20000 1 s4 s5 0
27880 0 20000 1 s4 s5 0
27928 0 20000 1 s4 s5 0
33044 0 20000 1 s4 s5 0
28295 0 20000 1 s4 s5 0
28119 0 20000 1 s4 s5 0
31352 0 20000 1 s4 s5 0
30004 0 20000 1 s4 s5 0
29952 0 20000 1 s4 s5 0
28201 0 20000 1 s4 s5 0
32430 0 20000 1 s4 s5 0
31824 0 20000 1 s4 s5 0
34896 0 20000 1 s4 s5 0
29939 0 20000 1 s4 s5 0
29995 0 20000 1 s4 s5 0
27698 0 20000 1 s4 s5 0
