19729 0 10000 1 s1 s2 0
21079 0 10000 1 s1 s2 0
16360 0 10000 1 s1 s2 0
15558 0 10000 1 s1 s2 0
17049 0 10000 1 s1 s2 0
19700 0 10000 1 s1 s2 0
18525 0 10000 1 s1 s2 0
17224 0 10000 1 s1 s2 0
16153 0 10000 1 s1 s2 0
20056 0 10000 1 s1 s2 0
20227 0 10000 1 s1 s2 0
16234 0 10000 1 s1 s2 0
15544 0 10000 1 s1 s2 0
19712 0 10000 1 s1 s2 0
14844 0 10000 1 s1 s2 0
17975 0 10000 1 s1 s2 0
15569 0 10000 1 s1 s2 0
16534 0 10000 1 s1 s2 0
17447 0 10000 1 s1 s2 0
16235 0 10000 1 s1 s2 0
17373 0 10000 1 s1 s2 0
15622 0 10000 1 s1 s2 0
15633 0 10000 1 s1 s2 0
21068 0 10000 1 s1 s2 0
18866 0 10000 1 s1 s2 0
16081 0 10000 1 s1 s2 0
19679 0 10000 1 s1 s2 0
17861 0 10000 1 s1 s2 0
20965 0 10000 1 s1 s2 0
