37250 0 30000 1 s2 s3 0
36015 0 30000 1 s2 s3 0
36517 0 30000 1 s2 s3 0
36953 0 30000 1 s2 s3 0
35964 0 30000 1 s2 s3 0
36745 0 30000 1 s2 s3 0
37098 0 30000 1 s2 s3 0
35796 0 30000 1 s2 s3 0
35857 0 30000 1 s2 s3 0
35946 0 30000 1 s2 s3 0
35612 0 30000 1 s2 s3 0
36379 0 30000 1 s2 s3 0
36235 0 30000 1 s2 s3 0
36726 0 30000 1 s2 s3 0
35864 0 30000 1 s2 s3 0
35859 0 30000 1 s2 s3 0
36356 0 30000 1 s2 s3 0
35853 0 30000 1 s2 s3 0
35524 0 30000 1 s2 s3 0
35887 0 30000 1 s2 s3 0
35976 0 30000 1 s2 s3 0
37057 0 30000 1 s2 s3 0
35649 0 30000 1 s2 s3 0
37158 0 30000 1 s2 s3 0
36335 0 30000 1 s2 s3 0
36268 0 30000 1 s2 s3 0
36142 0 30000 1 s2 s3 0
35871 0 30000 1 s2 s3 0
35552 0 30000 1 s2 s3 0
36130 0 30000 1 s2 s3 0
