23555 0 10000 1 s3 s4 0
18772 0 10000 1 s3 s4 0
19483 0 10000 1 s3 s4 0
17341 0 10000 1 s3 s4 0
17477 0 10000 1 s3 s4 0
18604 0 10000 1 s3 s4 0
21138 0 10000 1 s3 s4 0
17465 0 10000 1 s3 s4 0
19685 0 10000 1 s3 s4 0
17661 0 10000 1 s3 s4 0
23221 0 10000 1 s3 s4 0
16808 0 10000 1 s3 s4 0
16415 0 10000 1 s3 s4 0
16580 0 10000 1 s3 s4 0
18721 0 10000 1 s3 s4 0
16155 0 10000 1 s3 s4 0
17176 0 10000 1 s3 s4 0
16864 0 10000 1 s3 s4 0
17562 0 10000 1 s3 s4 0
21124 0 10000 1 s3 s4 0
19062 0 10000 1 s3 s4 0
19634 0 10000 1 s3 s4 0
20884 0 10000 1 s3 s4 0
16511 0 10000 1 s3 s4 0
18478 0 10000 1 s3 s4 0
22277 0 10000 1 s3 s4 0
18072 0 10000 1 s3 s4 0
21790 0 10000 1 s3 s4 0
17159 0 10000 1 s3 s4 0
17387 0 10000 1 s3 s4 0
