834575 163998 100000 1 s1 s5 0
830411 162360 100000 1 s1 s5 0
1004057 185180 100000 1 s1 s5 0
1001586 185154 100000 1 s1 s5 0
992588 184530 100000 1 s1 s5 0
1009870 177538 100000 1 s1 s5 0
1017888 192236 100000 1 s1 s5 0
1018678 176209 100000 1 s1 s5 0
978077 178325 100000 1 s1 s5 0
1002417 187347 100000 1 s1 s5 0
0 107724 100000 1 s1 s5 0
505743 0 100000 1 s1 s5 0
506222 0 100000 1 s1 s5 0
506132 0 100000 1 s1 s5 0
1009679 187442 100000 1 s1 s5 0
-4307950 -4296056 100000 1 s1 s5 0
1017647 165634 100000 1 s1 s5 0
0 0 100000 1 s1 s5 0
0 0 100000 1 s1 s5 0
0 0 100000 1 s1 s5 0
