17036 0 10000 1 s2 s3 0
21038 0 10000 1 s2 s3 0
19195 0 10000 1 s2 s3 0
18392 0 10000 1 s2 s3 0
16664 0 10000 1 s2 s3 0
15989 0 10000 1 s2 s3 0
17828 0 10000 1 s2 s3 0
15863 0 10000 1 s2 s3 0
17419 0 10000 1 s2 s3 0
16700 0 10000 1 s2 s3 0
16209 0 10000 1 s2 s3 0
20117 0 10000 1 s2 s3 0
18465 0 10000 1 s2 s3 0
17188 0 10000 1 s2 s3 0
15895 0 10000 1 s2 s3 0
15884 0 10000 1 s2 s3 0
16522 0 10000 1 s2 s3 0
15983 0 10000 1 s2 s3 0
20814 0 10000 1 s2 s3 0
17616 0 10000 1 s2 s3 0
20037 0 10000 1 s2 s3 0
20245 0 10000 1 s2 s3 0
16678 0 10000 1 s2 s3 0
15604 0 10000 1 s2 s3 0
21756 0 10000 1 s2 s3 0
15649 0 10000 1 s2 s3 0
16674 0 10000 1 s2 s3 0
15842 0 10000 1 s2 s3 0
16197 0 10000 1 s2 s3 0
16203 0 10000 1 s2 s3 0
