36556 0 30000 1 s3 s4 0
37146 0 30000 1 s3 s4 0
37156 0 30000 1 s3 s4 0
38464 0 30000 1 s3 s4 0
37394 0 30000 1 s3 s4 0
45268 0 30000 1 s3 s4 0
45655 0 30000 1 s3 s4 0
37232 0 30000 1 s3 s4 0
36272 0 30000 1 s3 s4 0
37650 0 30000 1 s3 s4 0
46710 0 30000 1 s3 s4 0
45259 0 30000 1 s3 s4 0
37746 0 30000 1 s3 s4 0
41073 0 30000 1 s3 s4 0
42022 0 30000 1 s3 s4 0
36364 0 30000 1 s3 s4 0
41880 0 30000 1 s3 s4 0
39478 0 30000 1 s3 s4 0
36462 0 30000 1 s3 s4 0
36351 0 30000 1 s3 s4 0
36107 0 30000 1 s3 s4 0
36256 0 30000 1 s3 s4 0
36911 0 30000 1 s3 s4 0
36389 0 30000 1 s3 s4 0
38624 0 30000 1 s3 s4 0
36813 0 30000 1 s3 s4 0
36539 0 30000 1 s3 s4 0
36343 0 30000 1 s3 s4 0
37017 0 30000 1 s3 s4 0
37015 0 30000 1 s3 s4 0
