27233 0 20000 1 s3 s4 0
27884 0 20000 1 s3 s4 0
35985 0 20000 1 s3 s4 0
27898 0 20000 1 s3 s4 0
26229 0 20000 1 s3 s4 0
30233 0 20000 1 s3 s4 0
26864 0 20000 1 s3 s4 0
29106 0 20000 1 s3 s4 0
30097 0 20000 1 s3 s4 0
25949 0 20000 1 s3 s4 0
27060 0 20000 1 s3 s4 0
27935 0 20000 1 s3 s4 0
26544 0 20000 1 s3 s4 0
26300 0 20000 1 s3 s4 0
29850 0 20000 1 s3 s4 0
26503 0 20000 1 s3 s4 0
32656 0 20000 1 s3 s4 0
27312 0 20000 1 s3 s4 0
26292 0 20000 1 s3 s4 0
30308 0 20000 1 s3 s4 0
26767 0 20000 1 s3 s4 0
27482 0 20000 1 s3 s4 0
34823 0 20000 1 s3 s4 0
26289 0 20000 1 s3 s4 0
27412 0 20000 1 s3 s4 0
26952 0 20000 1 s3 s4 0
26383 0 20000 1 s3 s4 0
26508 0 20000 1 s3 s4 0
28276 0 20000 1 s3 s4 0
33187 0 20000 1 s3 s4 0
