18118 0 10000 1 s4 s5 0
22380 0 10000 1 s4 s5 0
21407 0 10000 1 s4 s5 0
19898 0 10000 1 s4 s5 0
19484 0 10000 1 s4 s5 0
22907 0 10000 1 s4 s5 0
25766 0 10000 1 s4 s5 0
20552 0 10000 1 s4 s5 0
17533 0 10000 1 s4 s5 0
24222 0 10000 1 s4 s5 0
19828 0 10000 1 s4 s5 0
23584 0 10000 1 s4 s5 0
24126 0 10000 1 s4 s5 0
24423 0 10000 1 s4 s5 0
17418 0 10000 1 s4 s5 0
18757 0 10000 1 s4 s5 0
23533 0 10000 1 s4 s5 0
19241 0 10000 1 s4 s5 0
22522 0 10000 1 s4 s5 0
18092 0 10000 1 s4 s5 0
25460 0 10000 1 s4 s5 0
19653 0 10000 1 s4 s5 0
17319 0 10000 1 s4 s5 0
21580 0 10000 1 s4 s5 0
18800 0 10000 1 s4 s5 0
22552 0 10000 1 s4 s5 0
22547 0 10000 1 s4 s5 0
21297 0 10000 1 s4 s5 0
17872 0 10000 1 s4 s5 0
18420 0 10000 1 s4 s5 0
