26284 0 20000 1 s1 s2 0
26213 0 20000 1 s1 s2 0
25901 0 20000 1 s1 s2 0
26138 0 20000 1 s1 s2 0
25678 0 20000 1 s1 s2 0
31987 0 20000 1 s1 s2 0
26004 0 20000 1 s1 s2 0
25327 0 20000 1 s1 s2 0
25868 0 20000 1 s1 s2 0
26111 0 20000 1 s1 s2 0
25643 0 20000 1 s1 s2 0
25373 0 20000 1 s1 s2 0
25373 0 20000 1 s1 s2 0
25284 0 20000 1 s1 s2 0
25504 0 20000 1 s1 s2 0
25607 0 20000 1 s1 s2 0
26164 0 20000 1 s1 s2 0
25671 0 20000 1 s1 s2 0
25875 0 20000 1 s1 s2 0
25153 0 20000 1 s1 s2 0
25295 0 20000 1 s1 s2 0
25522 0 20000 1 s1 s2 0
25648 0 20000 1 s1 s2 0
25521 0 20000 1 s1 s2 0
25449 0 20000 1 s1 s2 0
25896 0 20000 1 s1 s2 0
26263 0 20000 1 s1 s2 0
25446 0 20000 1 s1 s2 0
25160 0 20000 1 s1 s2 0
25717 0 20000 1 s1 s2 0
