102712 30991 10000 1 s1 s5 0
97814 24708 10000 1 s1 s5 0
101874 28250 10000 1 s1 s5 0
0 20738 10000 1 s1 s5 0
0 18567 10000 1 s1 s5 0
0 21846 10000 1 s1 s5 0
0 20954 10000 1 s1 s5 0
0 20837 10000 1 s1 s5 0
0 21903 10000 1 s1 s5 0
0 21038 10000 1 s1 s5 0
0 22459 10000 1 s1 s5 0
0 22522 10000 1 s1 s5 0
0 20971 10000 1 s1 s5 0
80746 16924 10000 1 s1 s5 0
91012 24446 10000 1 s1 s5 0
79740 25432 10000 1 s1 s5 0
97137 31797 10000 1 s1 s5 0
81566 25275 10000 1 s1 s5 0
0 0 10000 1 s1 s5 0
0 0 10000 1 s1 s5 0
0 0 10000 1 s1 s5 0
0 0 10000 1 s1 s5 0
