39188 0 30000 1 s1 s2 0
35733 0 30000 1 s1 s2 0
35646 0 30000 1 s1 s2 0
36693 0 30000 1 s1 s2 0
36500 0 30000 1 s1 s2 0
36454 0 30000 1 s1 s2 0
35623 0 30000 1 s1 s2 0
35749 0 30000 1 s1 s2 0
38741 0 30000 1 s1 s2 0
35411 0 30000 1 s1 s2 0
37466 0 30000 1 s1 s2 0
36083 0 30000 1 s1 s2 0
37995 0 30000 1 s1 s2 0
39728 0 30000 1 s1 s2 0
37134 0 30000 1 s1 s2 0
36889 0 30000 1 s1 s2 0
35913 0 30000 1 s1 s2 0
35678 0 30000 1 s1 s2 0
36617 0 30000 1 s1 s2 0
36322 0 30000 1 s1 s2 0
35975 0 30000 1 s1 s2 0
35759 0 30000 1 s1 s2 0
37563 0 30000 1 s1 s2 0
36799 0 30000 1 s1 s2 0
35877 0 30000 1 s1 s2 0
37074 0 30000 1 s1 s2 0
37026 0 30000 1 s1 s2 0
35798 0 30000 1 s1 s2 0
36750 0 30000 1 s1 s2 0
36866 0 30000 1 s1 s2 0
