328319 178126 100000 1 s1 s5 0
340153 176561 100000 1 s1 s5 0
308451 177652 100000 1 s1 s5 0
241756 159869 100000 1 s1 s5 0
269158 166190 100000 1 s1 s5 0
277051 169626 100000 1 s1 s5 0
323497 176382 100000 1 s1 s5 0
318411 174698 100000 1 s1 s5 0
312854 174131 100000 1 s1 s5 0
309115 176851 100000 1 s1 s5 0
313921 178681 100000 1 s1 s5 0
262546 165859 100000 1 s1 s5 0
250028 159508 100000 1 s1 s5 0
304939 174318 100000 1 s1 s5 0
285032 168912 100000 1 s1 s5 0
309959 177719 100000 1 s1 s5 0
295763 172269 100000 1 s1 s5 0
261815 164219 100000 1 s1 s5 0
243992 160008 100000 1 s1 s5 0
315359 173794 100000 1 s1 s5 0
309879 174475 100000 1 s1 s5 0
283994 168226 100000 1 s1 s5 0
321541 170821 100000 1 s1 s5 0
248163 160945 100000 1 s1 s5 0
263274 166825 100000 1 s1 s5 0
212036 151928 100000 1 s1 s5 0
294167 172317 100000 1 s1 s5 0
315383 173454 100000 1 s1 s5 0
294101 172853 100000 1 s1 s5 0
300019 173452 100000 1 s1 s5 0
