46645 0 20000 1 s2 s3 0
49030 0 20000 1 s2 s3 0
46534 0 20000 1 s2 s3 0
47499 0 20000 1 s2 s3 0
46218 0 20000 1 s2 s3 0
46826 0 20000 1 s2 s3 0
47578 0 20000 1 s2 s3 0
46468 0 20000 1 s2 s3 0
46001 0 20000 1 s2 s3 0
47092 0 20000 1 s2 s3 0
46920 0 20000 1 s2 s3 0
46822 0 20000 1 s2 s3 0
48058 0 20000 1 s2 s3 0
46040 0 20000 1 s2 s3 0
49427 0 20000 1 s2 s3 0
46789 0 20000 1 s2 s3 0
50187 0 20000 1 s2 s3 0
46135 0 20000 1 s2 s3 0
46206 0 20000 1 s2 s3 0
47469 0 20000 1 s2 s3 0
46410 0 20000 1 s2 s3 0
47837 0 20000 1 s2 s3 0
46448 0 20000 1 s2 s3 0
47091 0 20000 1 s2 s3 0
46895 0 20000 1 s2 s3 0
46142 0 20000 1 s2 s3 0
47697 0 20000 1 s2 s3 0
46006 0 20000 1 s2 s3 0
46774 0 20000 1 s2 s3 0
47324 0 20000 1 s2 s3 0
