69270 0 20000 1 s3 s4 0
68728 0 20000 1 s3 s4 0
70539 0 20000 1 s3 s4 0
65983 0 20000 1 s3 s4 0
68702 0 20000 1 s3 s4 0
68838 0 20000 1 s3 s4 0
67212 0 20000 1 s3 s4 0
66161 0 20000 1 s3 s4 0
66316 0 20000 1 s3 s4 0
67399 0 20000 1 s3 s4 0
66511 0 20000 1 s3 s4 0
69786 0 20000 1 s3 s4 0
68023 0 20000 1 s3 s4 0
69989 0 20000 1 s3 s4 0
68212 0 20000 1 s3 s4 0
68281 0 20000 1 s3 s4 0
67711 0 20000 1 s3 s4 0
68459 0 20000 1 s3 s4 0
70211 0 20000 1 s3 s4 0
66470 0 20000 1 s3 s4 0
67926 0 20000 1 s3 s4 0
67819 0 20000 1 s3 s4 0
66323 0 20000 1 s3 s4 0
66426 0 20000 1 s3 s4 0
66224 0 20000 1 s3 s4 0
68657 0 20000 1 s3 s4 0
68251 0 20000 1 s3 s4 0
65841 0 20000 1 s3 s4 0
65384 0 20000 1 s3 s4 0
69706 0 20000 1 s3 s4 0
