104781 0 20000 1 s1 s5 0
105685 0 20000 1 s1 s5 0
108059 0 20000 1 s1 s5 0
106803 0 20000 1 s1 s5 0
105572 0 20000 1 s1 s5 0
115229 0 20000 1 s1 s5 0
105872 0 20000 1 s1 s5 0
111045 0 20000 1 s1 s5 0
109819 0 20000 1 s1 s5 0
105886 0 20000 1 s1 s5 0
107581 0 20000 1 s1 s5 0
107565 0 20000 1 s1 s5 0
106591 0 20000 1 s1 s5 0
105610 0 20000 1 s1 s5 0
106413 0 20000 1 s1 s5 0
108913 0 20000 1 s1 s5 0
105305 0 20000 1 s1 s5 0
105142 0 20000 1 s1 s5 0
107713 0 20000 1 s1 s5 0
105438 0 20000 1 s1 s5 0
107496 0 20000 1 s1 s5 0
105386 0 20000 1 s1 s5 0
105617 0 20000 1 s1 s5 0
109983 0 20000 1 s1 s5 0
105409 0 20000 1 s1 s5 0
108654 0 20000 1 s1 s5 0
105359 0 20000 1 s1 s5 0
104939 0 20000 1 s1 s5 0
105780 0 20000 1 s1 s5 0
105739 0 20000 1 s1 s5 0
