27519 0 20000 1 s1 s2 0
25977 0 20000 1 s1 s2 0
27244 0 20000 1 s1 s2 0
28854 0 20000 1 s1 s2 0
30163 0 20000 1 s1 s2 0
26501 0 20000 1 s1 s2 0
34864 0 20000 1 s1 s2 0
31273 0 20000 1 s1 s2 0
26388 0 20000 1 s1 s2 0
31694 0 20000 1 s1 s2 0
26284 0 20000 1 s1 s2 0
26669 0 20000 1 s1 s2 0
25932 0 20000 1 s1 s2 0
26459 0 20000 1 s1 s2 0
29965 0 20000 1 s1 s2 0
28142 0 20000 1 s1 s2 0
27119 0 20000 1 s1 s2 0
27074 0 20000 1 s1 s2 0
26572 0 20000 1 s1 s2 0
25980 0 20000 1 s1 s2 0
29600 0 20000 1 s1 s2 0
27821 0 20000 1 s1 s2 0
30503 0 20000 1 s1 s2 0
30728 0 20000 1 s1 s2 0
29011 0 20000 1 s1 s2 0
27162 0 20000 1 s1 s2 0
26075 0 20000 1 s1 s2 0
27362 0 20000 1 s1 s2 0
26002 0 20000 1 s1 s2 0
29223 0 20000 1 s1 s2 0
