87004 0 20000 1 s4 s5 0
86348 0 20000 1 s4 s5 0
89880 0 20000 1 s4 s5 0
89922 0 20000 1 s4 s5 0
86069 0 20000 1 s4 s5 0
85080 0 20000 1 s4 s5 0
86312 0 20000 1 s4 s5 0
85955 0 20000 1 s4 s5 0
87098 0 20000 1 s4 s5 0
86224 0 20000 1 s4 s5 0
86051 0 20000 1 s4 s5 0
85599 0 20000 1 s4 s5 0
91507 0 20000 1 s4 s5 0
87596 0 20000 1 s4 s5 0
85156 0 20000 1 s4 s5 0
85450 0 20000 1 s4 s5 0
86185 0 20000 1 s4 s5 0
86452 0 20000 1 s4 s5 0
88348 0 20000 1 s4 s5 0
88166 0 20000 1 s4 s5 0
88687 0 20000 1 s4 s5 0
85792 0 20000 1 s4 s5 0
86074 0 20000 1 s4 s5 0
90692 0 20000 1 s4 s5 0
85053 0 20000 1 s4 s5 0
86380 0 20000 1 s4 s5 0
91680 0 20000 1 s4 s5 0
85363 0 20000 1 s4 s5 0
85768 0 20000 1 s4 s5 0
86111 0 20000 1 s4 s5 0
