153449 0 70000 1 s2 s3 0
153860 0 70000 1 s2 s3 0
153844 0 70000 1 s2 s3 0
154205 0 70000 1 s2 s3 0
154138 0 70000 1 s2 s3 0
153575 0 70000 1 s2 s3 0
153819 0 70000 1 s2 s3 0
153072 0 70000 1 s2 s3 0
152896 0 70000 1 s2 s3 0
153366 0 70000 1 s2 s3 0
153215 0 70000 1 s2 s3 0
153821 0 70000 1 s2 s3 0
152990 0 70000 1 s2 s3 0
153645 0 70000 1 s2 s3 0
153376 0 70000 1 s2 s3 0
153549 0 70000 1 s2 s3 0
153268 0 70000 1 s2 s3 0
153074 0 70000 1 s2 s3 0
153471 0 70000 1 s2 s3 0
153273 0 70000 1 s2 s3 0
153395 0 70000 1 s2 s3 0
153165 0 70000 1 s2 s3 0
153563 0 70000 1 s2 s3 0
153527 0 70000 1 s2 s3 0
153166 0 70000 1 s2 s3 0
153415 0 70000 1 s2 s3 0
153567 0 70000 1 s2 s3 0
153610 0 70000 1 s2 s3 0
153645 0 70000 1 s2 s3 0
153537 0 70000 1 s2 s3 0
