312605 0 70000 1 s4 s5 0
313103 0 70000 1 s4 s5 0
312812 0 70000 1 s4 s5 0
314056 0 70000 1 s4 s5 0
280068 0 70000 1 s4 s5 0
315563 0 70000 1 s4 s5 0
313770 0 70000 1 s4 s5 0
313418 0 70000 1 s4 s5 0
314271 0 70000 1 s4 s5 0
313217 0 70000 1 s4 s5 0
280392 0 70000 1 s4 s5 0
312784 0 70000 1 s4 s5 0
313050 0 70000 1 s4 s5 0
313651 0 70000 1 s4 s5 0
313732 0 70000 1 s4 s5 0
314811 0 70000 1 s4 s5 0
314089 0 70000 1 s4 s5 0
314629 0 70000 1 s4 s5 0
314207 0 70000 1 s4 s5 0
312799 0 70000 1 s4 s5 0
313831 0 70000 1 s4 s5 0
314256 0 70000 1 s4 s5 0
314326 0 70000 1 s4 s5 0
312673 0 70000 1 s4 s5 0
280393 0 70000 1 s4 s5 0
314069 0 70000 1 s4 s5 0
314353 0 70000 1 s4 s5 0
314245 0 70000 1 s4 s5 0
314270 0 70000 1 s4 s5 0
313143 0 70000 1 s4 s5 0
