396316 0 70000 1 s1 s5 0
351076 0 70000 1 s1 s5 0
395021 0 70000 1 s1 s5 0
350537 0 70000 1 s1 s5 0
395666 0 70000 1 s1 s5 0
394153 0 70000 1 s1 s5 0
395657 0 70000 1 s1 s5 0
350131 0 70000 1 s1 s5 0
394716 0 70000 1 s1 s5 0
350277 0 70000 1 s1 s5 0
350700 0 70000 1 s1 s5 0
394903 0 70000 1 s1 s5 0
350073 0 70000 1 s1 s5 0
395125 0 70000 1 s1 s5 0
394383 0 70000 1 s1 s5 0
350970 0 70000 1 s1 s5 0
394415 0 70000 1 s1 s5 0
395350 0 70000 1 s1 s5 0
394923 0 70000 1 s1 s5 0
395459 0 70000 1 s1 s5 0
392996 0 70000 1 s1 s5 0
394392 0 70000 1 s1 s5 0
393692 0 70000 1 s1 s5 0
393947 0 70000 1 s1 s5 0
394157 0 70000 1 s1 s5 0
395567 0 70000 1 s1 s5 0
350490 0 70000 1 s1 s5 0
350793 0 70000 1 s1 s5 0
350678 0 70000 1 s1 s5 0
395156 0 70000 1 s1 s5 0
