76428 0 70000 1 s1 s2 0
76170 0 70000 1 s1 s2 0
76682 0 70000 1 s1 s2 0
76397 0 70000 1 s1 s2 0
76444 0 70000 1 s1 s2 0
76608 0 70000 1 s1 s2 0
76140 0 70000 1 s1 s2 0
76618 0 70000 1 s1 s2 0
76258 0 70000 1 s1 s2 0
76503 0 70000 1 s1 s2 0
76417 0 70000 1 s1 s2 0
76141 0 70000 1 s1 s2 0
76472 0 70000 1 s1 s2 0
76706 0 70000 1 s1 s2 0
76298 0 70000 1 s1 s2 0
76306 0 70000 1 s1 s2 0
76031 0 70000 1 s1 s2 0
75987 0 70000 1 s1 s2 0
75812 0 70000 1 s1 s2 0
76285 0 70000 1 s1 s2 0
76370 0 70000 1 s1 s2 0
76268 0 70000 1 s1 s2 0
76143 0 70000 1 s1 s2 0
76085 0 70000 1 s1 s2 0
76098 0 70000 1 s1 s2 0
76298 0 70000 1 s1 s2 0
76137 0 70000 1 s1 s2 0
75890 0 70000 1 s1 s2 0
76076 0 70000 1 s1 s2 0
75848 0 70000 1 s1 s2 0
