234514 0 70000 1 s3 s4 0
235180 0 70000 1 s3 s4 0
235259 0 70000 1 s3 s4 0
234272 0 70000 1 s3 s4 0
234367 0 70000 1 s3 s4 0
234032 0 70000 1 s3 s4 0
234128 0 70000 1 s3 s4 0
235269 0 70000 1 s3 s4 0
234399 0 70000 1 s3 s4 0
233690 0 70000 1 s3 s4 0
235124 0 70000 1 s3 s4 0
234871 0 70000 1 s3 s4 0
234688 0 70000 1 s3 s4 0
235534 0 70000 1 s3 s4 0
235538 0 70000 1 s3 s4 0
235005 0 70000 1 s3 s4 0
235385 0 70000 1 s3 s4 0
235414 0 70000 1 s3 s4 0
234393 0 70000 1 s3 s4 0
234620 0 70000 1 s3 s4 0
234012 0 70000 1 s3 s4 0
234328 0 70000 1 s3 s4 0
234284 0 70000 1 s3 s4 0
234387 0 70000 1 s3 s4 0
233939 0 70000 1 s3 s4 0
234919 0 70000 1 s3 s4 0
234950 0 70000 1 s3 s4 0
234435 0 70000 1 s3 s4 0
234786 0 70000 1 s3 s4 0
233802 0 70000 1 s3 s4 0
