246384 0 60000 1 s4 s5 0
245647 0 60000 1 s4 s5 0
245482 0 60000 1 s4 s5 0
246089 0 60000 1 s4 s5 0
246190 0 60000 1 s4 s5 0
245681 0 60000 1 s4 s5 0
245422 0 60000 1 s4 s5 0
245977 0 60000 1 s4 s5 0
245919 0 60000 1 s4 s5 0
245839 0 60000 1 s4 s5 0
247038 0 60000 1 s4 s5 0
245982 0 60000 1 s4 s5 0
249331 0 60000 1 s4 s5 0
245511 0 60000 1 s4 s5 0
246645 0 60000 1 s4 s5 0
246626 0 60000 1 s4 s5 0
246214 0 60000 1 s4 s5 0
245909 0 60000 1 s4 s5 0
246608 0 60000 1 s4 s5 0
246370 0 60000 1 s4 s5 0
245852 0 60000 1 s4 s5 0
246764 0 60000 1 s4 s5 0
245846 0 60000 1 s4 s5 0
246697 0 60000 1 s4 s5 0
245572 0 60000 1 s4 s5 0
245432 0 60000 1 s4 s5 0
245419 0 60000 1 s4 s5 0
245480 0 60000 1 s4 s5 0
245804 0 60000 1 s4 s5 0
245620 0 60000 1 s4 s5 0
