186306 0 60000 1 s3 s4 0
186012 0 60000 1 s3 s4 0
186738 0 60000 1 s3 s4 0
186984 0 60000 1 s3 s4 0
186772 0 60000 1 s3 s4 0
186628 0 60000 1 s3 s4 0
186315 0 60000 1 s3 s4 0
186189 0 60000 1 s3 s4 0
185992 0 60000 1 s3 s4 0
186242 0 60000 1 s3 s4 0
185690 0 60000 1 s3 s4 0
187079 0 60000 1 s3 s4 0
186348 0 60000 1 s3 s4 0
187145 0 60000 1 s3 s4 0
185711 0 60000 1 s3 s4 0
185699 0 60000 1 s3 s4 0
185651 0 60000 1 s3 s4 0
185835 0 60000 1 s3 s4 0
185748 0 60000 1 s3 s4 0
186785 0 60000 1 s3 s4 0
187005 0 60000 1 s3 s4 0
186310 0 60000 1 s3 s4 0
186479 0 60000 1 s3 s4 0
186881 0 60000 1 s3 s4 0
185575 0 60000 1 s3 s4 0
185587 0 60000 1 s3 s4 0
186879 0 60000 1 s3 s4 0
185670 0 60000 1 s3 s4 0
185481 0 60000 1 s3 s4 0
186684 0 60000 1 s3 s4 0
