67410 0 60000 1 s1 s2 0
67167 0 60000 1 s1 s2 0
67282 0 60000 1 s1 s2 0
66307 0 60000 1 s1 s2 0
66839 0 60000 1 s1 s2 0
68008 0 60000 1 s1 s2 0
67236 0 60000 1 s1 s2 0
68294 0 60000 1 s1 s2 0
67026 0 60000 1 s1 s2 0
66776 0 60000 1 s1 s2 0
66751 0 60000 1 s1 s2 0
67679 0 60000 1 s1 s2 0
66907 0 60000 1 s1 s2 0
67204 0 60000 1 s1 s2 0
67064 0 60000 1 s1 s2 0
68156 0 60000 1 s1 s2 0
67065 0 60000 1 s1 s2 0
67628 0 60000 1 s1 s2 0
67288 0 60000 1 s1 s2 0
67189 0 60000 1 s1 s2 0
67716 0 60000 1 s1 s2 0
67192 0 60000 1 s1 s2 0
66973 0 60000 1 s1 s2 0
66775 0 60000 1 s1 s2 0
66526 0 60000 1 s1 s2 0
67311 0 60000 1 s1 s2 0
67312 0 60000 1 s1 s2 0
68691 0 60000 1 s1 s2 0
67687 0 60000 1 s1 s2 0
67570 0 60000 1 s1 s2 0
