126064 0 60000 1 s2 s3 0
125929 0 60000 1 s2 s3 0
126695 0 60000 1 s2 s3 0
126364 0 60000 1 s2 s3 0
127242 0 60000 1 s2 s3 0
127054 0 60000 1 s2 s3 0
126578 0 60000 1 s2 s3 0
126554 0 60000 1 s2 s3 0
125790 0 60000 1 s2 s3 0
125947 0 60000 1 s2 s3 0
126761 0 60000 1 s2 s3 0
126474 0 60000 1 s2 s3 0
126444 0 60000 1 s2 s3 0
126897 0 60000 1 s2 s3 0
126568 0 60000 1 s2 s3 0
126644 0 60000 1 s2 s3 0
126513 0 60000 1 s2 s3 0
127116 0 60000 1 s2 s3 0
128062 0 60000 1 s2 s3 0
126586 0 60000 1 s2 s3 0
127440 0 60000 1 s2 s3 0
127548 0 60000 1 s2 s3 0
126641 0 60000 1 s2 s3 0
127056 0 60000 1 s2 s3 0
127171 0 60000 1 s2 s3 0
126515 0 60000 1 s2 s3 0
126853 0 60000 1 s2 s3 0
126637 0 60000 1 s2 s3 0
126675 0 60000 1 s2 s3 0
126636 0 60000 1 s2 s3 0
