306279 0 60000 1 s1 s5 0
306023 0 60000 1 s1 s5 0
305528 0 60000 1 s1 s5 0
305507 0 60000 1 s1 s5 0
305892 0 60000 1 s1 s5 0
305330 0 60000 1 s1 s5 0
305946 0 60000 1 s1 s5 0
306089 0 60000 1 s1 s5 0
305237 0 60000 1 s1 s5 0
306155 0 60000 1 s1 s5 0
305143 0 60000 1 s1 s5 0
305560 0 60000 1 s1 s5 0
306732 0 60000 1 s1 s5 0
305602 0 60000 1 s1 s5 0
305967 0 60000 1 s1 s5 0
305280 0 60000 1 s1 s5 0
306436 0 60000 1 s1 s5 0
305519 0 60000 1 s1 s5 0
305815 0 60000 1 s1 s5 0
305689 0 60000 1 s1 s5 0
305425 0 60000 1 s1 s5 0
306258 0 60000 1 s1 s5 0
305684 0 60000 1 s1 s5 0
305678 0 60000 1 s1 s5 0
305386 0 60000 1 s1 s5 0
306345 0 60000 1 s1 s5 0
305863 0 60000 1 s1 s5 0
305631 0 60000 1 s1 s5 0
306019 0 60000 1 s1 s5 0
305300 0 60000 1 s1 s5 0
