200447 0 40000 1 s1 s5 0
244090 0 40000 1 s1 s5 0
200163 0 40000 1 s1 s5 0
244303 0 40000 1 s1 s5 0
200873 0 40000 1 s1 s5 0
200226 0 40000 1 s1 s5 0
245440 0 40000 1 s1 s5 0
200028 0 40000 1 s1 s5 0
200733 0 40000 1 s1 s5 0
200909 0 40000 1 s1 s5 0
200157 0 40000 1 s1 s5 0
200792 0 40000 1 s1 s5 0
200083 0 40000 1 s1 s5 0
200267 0 40000 1 s1 s5 0
201240 0 40000 1 s1 s5 0
200652 0 40000 1 s1 s5 0
200613 0 40000 1 s1 s5 0
203275 0 40000 1 s1 s5 0
200166 0 40000 1 s1 s5 0
244813 0 40000 1 s1 s5 0
200118 0 40000 1 s1 s5 0
200324 0 40000 1 s1 s5 0
200129 0 40000 1 s1 s5 0
200451 0 40000 1 s1 s5 0
206721 0 40000 1 s1 s5 0
200016 0 40000 1 s1 s5 0
200538 0 40000 1 s1 s5 0
200335 0 40000 1 s1 s5 0
203225 0 40000 1 s1 s5 0
245201 0 40000 1 s1 s5 0
