143727 0 40000 1 s3 s4 0
144276 0 40000 1 s3 s4 0
143443 0 40000 1 s3 s4 0
144369 0 40000 1 s3 s4 0
144931 0 40000 1 s3 s4 0
144391 0 40000 1 s3 s4 0
145463 0 40000 1 s3 s4 0
144559 0 40000 1 s3 s4 0
144649 0 40000 1 s3 s4 0
143564 0 40000 1 s3 s4 0
143304 0 40000 1 s3 s4 0
143805 0 40000 1 s3 s4 0
143286 0 40000 1 s3 s4 0
143631 0 40000 1 s3 s4 0
144408 0 40000 1 s3 s4 0
144032 0 40000 1 s3 s4 0
143986 0 40000 1 s3 s4 0
143967 0 40000 1 s3 s4 0
145067 0 40000 1 s3 s4 0
143930 0 40000 1 s3 s4 0
143909 0 40000 1 s3 s4 0
144957 0 40000 1 s3 s4 0
144409 0 40000 1 s3 s4 0
144094 0 40000 1 s3 s4 0
144737 0 40000 1 s3 s4 0
144772 0 40000 1 s3 s4 0
145065 0 40000 1 s3 s4 0
144400 0 40000 1 s3 s4 0
144620 0 40000 1 s3 s4 0
144793 0 40000 1 s3 s4 0
