92940 0 40000 1 s2 s3 0
93857 0 40000 1 s2 s3 0
93501 0 40000 1 s2 s3 0
93837 0 40000 1 s2 s3 0
93544 0 40000 1 s2 s3 0
93086 0 40000 1 s2 s3 0
93858 0 40000 1 s2 s3 0
93456 0 40000 1 s2 s3 0
93545 0 40000 1 s2 s3 0
93654 0 40000 1 s2 s3 0
93608 0 40000 1 s2 s3 0
93571 0 40000 1 s2 s3 0
93578 0 40000 1 s2 s3 0
93644 0 40000 1 s2 s3 0
93304 0 40000 1 s2 s3 0
93499 0 40000 1 s2 s3 0
93639 0 40000 1 s2 s3 0
93305 0 40000 1 s2 s3 0
93130 0 40000 1 s2 s3 0
93309 0 40000 1 s2 s3 0
92613 0 40000 1 s2 s3 0
92990 0 40000 1 s2 s3 0
93246 0 40000 1 s2 s3 0
93145 0 40000 1 s2 s3 0
93205 0 40000 1 s2 s3 0
93196 0 40000 1 s2 s3 0
93687 0 40000 1 s2 s3 0
93097 0 40000 1 s2 s3 0
92838 0 40000 1 s2 s3 0
93427 0 40000 1 s2 s3 0
