193530 0 40000 1 s4 s5 0
194423 0 40000 1 s4 s5 0
194494 0 40000 1 s4 s5 0
193773 0 40000 1 s4 s5 0
193840 0 40000 1 s4 s5 0
193988 0 40000 1 s4 s5 0
193780 0 40000 1 s4 s5 0
193888 0 40000 1 s4 s5 0
194625 0 40000 1 s4 s5 0
194472 0 40000 1 s4 s5 0
194591 0 40000 1 s4 s5 0
193515 0 40000 1 s4 s5 0
194889 0 40000 1 s4 s5 0
193838 0 40000 1 s4 s5 0
193692 0 40000 1 s4 s5 0
193873 0 40000 1 s4 s5 0
193830 0 40000 1 s4 s5 0
193412 0 40000 1 s4 s5 0
193615 0 40000 1 s4 s5 0
193690 0 40000 1 s4 s5 0
193744 0 40000 1 s4 s5 0
194672 0 40000 1 s4 s5 0
193807 0 40000 1 s4 s5 0
193592 0 40000 1 s4 s5 0
193824 0 40000 1 s4 s5 0
193436 0 40000 1 s4 s5 0
194574 0 40000 1 s4 s5 0
194857 0 40000 1 s4 s5 0
193701 0 40000 1 s4 s5 0
194289 0 40000 1 s4 s5 0
