45492 0 40000 1 s1 s2 0
45177 0 40000 1 s1 s2 0
45417 0 40000 1 s1 s2 0
45073 0 40000 1 s1 s2 0
44718 0 40000 1 s1 s2 0
45784 0 40000 1 s1 s2 0
45852 0 40000 1 s1 s2 0
45884 0 40000 1 s1 s2 0
45963 0 40000 1 s1 s2 0
45693 0 40000 1 s1 s2 0
45842 0 40000 1 s1 s2 0
45609 0 40000 1 s1 s2 0
45924 0 40000 1 s1 s2 0
46025 0 40000 1 s1 s2 0
46131 0 40000 1 s1 s2 0
46158 0 40000 1 s1 s2 0
46069 0 40000 1 s1 s2 0
46168 0 40000 1 s1 s2 0
45824 0 40000 1 s1 s2 0
47054 0 40000 1 s1 s2 0
46315 0 40000 1 s1 s2 0
46309 0 40000 1 s1 s2 0
46196 0 40000 1 s1 s2 0
45999 0 40000 1 s1 s2 0
46183 0 40000 1 s1 s2 0
46256 0 40000 1 s1 s2 0
46194 0 40000 1 s1 s2 0
45897 0 40000 1 s1 s2 0
46172 0 40000 1 s1 s2 0
46091 0 40000 1 s1 s2 0
