121850 330683 60000 1 s1 s2 0
107713 323587 60000 1 s1 s2 0
74573 338324 60000 1 s1 s2 0
123779 274693 60000 1 s1 s2 0
79544 253186 60000 1 s1 s2 0
113332 262588 60000 1 s1 s2 0
100634 304703 60000 1 s1 s2 0
88524 245910 60000 1 s1 s2 0
107743 279252 60000 1 s1 s2 0
99275 330180 60000 1 s1 s2 0
104727 260745 60000 1 s1 s2 0
130678 308956 60000 1 s1 s2 0
92717 308824 60000 1 s1 s2 0
98700 318595 60000 1 s1 s2 0
107003 311360 60000 1 s1 s2 0
90179 296921 60000 1 s1 s2 0
113306 297581 60000 1 s1 s2 0
124526 275342 60000 1 s1 s2 0
131051 355671 60000 1 s1 s2 0
144219 289258 60000 1 s1 s2 0
91933 282971 60000 1 s1 s2 0
76158 324139 60000 1 s1 s2 0
94977 266796 60000 1 s1 s2 0
133666 281236 60000 1 s1 s2 0
117909 369417 60000 1 s1 s2 0
112242 325148 60000 1 s1 s2 0
104752 365109 60000 1 s1 s2 0
108549 320095 60000 1 s1 s2 0
146126 374107 60000 1 s1 s2 0
105171 327049 60000 1 s1 s2 0
