176698 262542 60000 1 s2 s3 0
147438 247117 60000 1 s2 s3 0
128137 270522 60000 1 s2 s3 0
176650 245135 60000 1 s2 s3 0
156835 272299 60000 1 s2 s3 0
137475 224972 60000 1 s2 s3 0
133664 293653 60000 1 s2 s3 0
159341 231513 60000 1 s2 s3 0
120473 270085 60000 1 s2 s3 0
107538 242368 60000 1 s2 s3 0
133574 227636 60000 1 s2 s3 0
180563 248642 60000 1 s2 s3 0
139824 266868 60000 1 s2 s3 0
149424 262826 60000 1 s2 s3 0
145714 218403 60000 1 s2 s3 0
144774 261839 60000 1 s2 s3 0
162965 266889 60000 1 s2 s3 0
128878 258034 60000 1 s2 s3 0
149286 294374 60000 1 s2 s3 0
172439 212354 60000 1 s2 s3 0
115469 219108 60000 1 s2 s3 0
159864 209239 60000 1 s2 s3 0
138104 282872 60000 1 s2 s3 0
151166 292642 60000 1 s2 s3 0
129386 212701 60000 1 s2 s3 0
170929 261664 60000 1 s2 s3 0
158637 256387 60000 1 s2 s3 0
145466 232231 60000 1 s2 s3 0
159387 204820 60000 1 s2 s3 0
141045 232757 60000 1 s2 s3 0
