244092 156748 60000 1 s4 s5 0
234663 148240 60000 1 s4 s5 0
227744 127588 60000 1 s4 s5 0
274722 154802 60000 1 s4 s5 0
215174 158934 60000 1 s4 s5 0
235808 183649 60000 1 s4 s5 0
232516 141488 60000 1 s4 s5 0
193442 108168 60000 1 s4 s5 0
235331 125737 60000 1 s4 s5 0
273012 165238 60000 1 s4 s5 0
225493 122188 60000 1 s4 s5 0
253616 139909 60000 1 s4 s5 0
236700 141293 60000 1 s4 s5 0
235585 141945 60000 1 s4 s5 0
280634 149591 60000 1 s4 s5 0
270652 153128 60000 1 s4 s5 0
213866 172563 60000 1 s4 s5 0
249652 145605 60000 1 s4 s5 0
253063 138985 60000 1 s4 s5 0
243591 143398 60000 1 s4 s5 0
232403 170649 60000 1 s4 s5 0
242174 148828 60000 1 s4 s5 0
185391 162186 60000 1 s4 s5 0
249278 138406 60000 1 s4 s5 0
268356 128331 60000 1 s4 s5 0
256988 149453 60000 1 s4 s5 0
203541 157263 60000 1 s4 s5 0
242909 138388 60000 1 s4 s5 0
237437 137908 60000 1 s4 s5 0
269232 147887 60000 1 s4 s5 0
