301946 104446 60000 1 s1 s5 0
263568 76738 60000 1 s1 s5 0
327548 87965 60000 1 s1 s5 0
312727 115498 60000 1 s1 s5 0
263048 91898 60000 1 s1 s5 0
319455 85613 60000 1 s1 s5 0
272978 95840 60000 1 s1 s5 0
320740 115065 60000 1 s1 s5 0
350771 104919 60000 1 s1 s5 0
298824 69098 60000 1 s1 s5 0
306999 123031 60000 1 s1 s5 0
284626 98231 60000 1 s1 s5 0
294872 105634 60000 1 s1 s5 0
278880 71772 60000 1 s1 s5 0
317714 78385 60000 1 s1 s5 0
339385 78798 60000 1 s1 s5 0
289895 74901 60000 1 s1 s5 0
327019 121812 60000 1 s1 s5 0
310173 109202 60000 1 s1 s5 0
298992 106041 60000 1 s1 s5 0
256084 109219 60000 1 s1 s5 0
336657 89997 60000 1 s1 s5 0
328362 116599 60000 1 s1 s5 0
314005 103629 60000 1 s1 s5 0
321585 105726 60000 1 s1 s5 0
303985 100277 60000 1 s1 s5 0
338381 72701 60000 1 s1 s5 0
318705 100700 60000 1 s1 s5 0
314270 98394 60000 1 s1 s5 0
255878 103338 60000 1 s1 s5 0
