360615 115406 80000 1 s1 s5 0
310422 97514 80000 1 s1 s5 0
318654 115521 80000 1 s1 s5 0
375909 136528 80000 1 s1 s5 0
306007 92439 80000 1 s1 s5 0
293626 98236 80000 1 s1 s5 0
313492 101728 80000 1 s1 s5 0
265900 105433 80000 1 s1 s5 0
319007 108583 80000 1 s1 s5 0
289528 105774 80000 1 s1 s5 0
322422 105457 80000 1 s1 s5 0
372805 130211 80000 1 s1 s5 0
319329 126430 80000 1 s1 s5 0
385058 113549 80000 1 s1 s5 0
326236 91757 80000 1 s1 s5 0
342495 102774 80000 1 s1 s5 0
325012 110073 80000 1 s1 s5 0
311428 106418 80000 1 s1 s5 0
298587 112888 80000 1 s1 s5 0
371077 101036 80000 1 s1 s5 0
295224 106672 80000 1 s1 s5 0
285776 126397 80000 1 s1 s5 0
314761 91871 80000 1 s1 s5 0
301118 89072 80000 1 s1 s5 0
277457 100773 80000 1 s1 s5 0
312853 103196 80000 1 s1 s5 0
296686 104404 80000 1 s1 s5 0
271904 96735 80000 1 s1 s5 0
326359 112093 80000 1 s1 s5 0
368257 109795 80000 1 s1 s5 0
