291599 172822 80000 1 s4 s5 0
259980 159244 80000 1 s4 s5 0
272880 185144 80000 1 s4 s5 0
227746 183728 80000 1 s4 s5 0
204933 173704 80000 1 s4 s5 0
269439 169779 80000 1 s4 s5 0
251586 150060 80000 1 s4 s5 0
295887 159009 80000 1 s4 s5 0
247500 179204 80000 1 s4 s5 0
262291 150410 80000 1 s4 s5 0
239970 154665 80000 1 s4 s5 0
303969 148865 80000 1 s4 s5 0
221628 168385 80000 1 s4 s5 0
233157 145627 80000 1 s4 s5 0
260007 170970 80000 1 s4 s5 0
292294 153321 80000 1 s4 s5 0
236516 145483 80000 1 s4 s5 0
265566 160191 80000 1 s4 s5 0
252924 162078 80000 1 s4 s5 0
257153 144117 80000 1 s4 s5 0
271243 177505 80000 1 s4 s5 0
259651 164790 80000 1 s4 s5 0
295606 172272 80000 1 s4 s5 0
244649 158077 80000 1 s4 s5 0
244008 184004 80000 1 s4 s5 0
190887 161618 80000 1 s4 s5 0
202928 130437 80000 1 s4 s5 0
251198 232309 80000 1 s4 s5 0
272495 174609 80000 1 s4 s5 0
272896 175211 80000 1 s4 s5 0
