197846 203558 80000 1 s3 s4 0
183791 201926 80000 1 s3 s4 0
212805 206739 80000 1 s3 s4 0
193967 192900 80000 1 s3 s4 0
212839 208038 80000 1 s3 s4 0
201600 213314 80000 1 s3 s4 0
193437 185415 80000 1 s3 s4 0
259499 196389 80000 1 s3 s4 0
213382 220663 80000 1 s3 s4 0
213509 208566 80000 1 s3 s4 0
228629 214257 80000 1 s3 s4 0
232865 244773 80000 1 s3 s4 0
216341 229542 80000 1 s3 s4 0
172656 163221 80000 1 s3 s4 0
198533 241502 80000 1 s3 s4 0
236270 237831 80000 1 s3 s4 0
214911 226494 80000 1 s3 s4 0
233309 237942 80000 1 s3 s4 0
202222 229488 80000 1 s3 s4 0
199158 251591 80000 1 s3 s4 0
225244 201468 80000 1 s3 s4 0
170913 223353 80000 1 s3 s4 0
236885 187149 80000 1 s3 s4 0
233318 199413 80000 1 s3 s4 0
240816 228931 80000 1 s3 s4 0
211976 203293 80000 1 s3 s4 0
209356 247825 80000 1 s3 s4 0
217883 220859 80000 1 s3 s4 0
220987 223843 80000 1 s3 s4 0
264976 193352 80000 1 s3 s4 0
