156774 266623 80000 1 s2 s3 0
145524 233577 80000 1 s2 s3 0
163622 231304 80000 1 s2 s3 0
150424 245304 80000 1 s2 s3 0
159776 255077 80000 1 s2 s3 0
154559 230648 80000 1 s2 s3 0
144879 230499 80000 1 s2 s3 0
194808 275524 80000 1 s2 s3 0
165242 251300 80000 1 s2 s3 0
168132 255483 80000 1 s2 s3 0
128259 242201 80000 1 s2 s3 0
140467 224178 80000 1 s2 s3 0
144139 195325 80000 1 s2 s3 0
156417 233945 80000 1 s2 s3 0
126635 272605 80000 1 s2 s3 0
134014 252937 80000 1 s2 s3 0
163422 271699 80000 1 s2 s3 0
162865 234038 80000 1 s2 s3 0
165276 258907 80000 1 s2 s3 0
148129 236011 80000 1 s2 s3 0
168378 278769 80000 1 s2 s3 0
152173 257990 80000 1 s2 s3 0
169872 260287 80000 1 s2 s3 0
117755 256514 80000 1 s2 s3 0
179662 207719 80000 1 s2 s3 0
155938 211243 80000 1 s2 s3 0
149508 253140 80000 1 s2 s3 0
168403 271765 80000 1 s2 s3 0
174539 251345 80000 1 s2 s3 0
170285 231500 80000 1 s2 s3 0
