130662 316259 80000 1 s1 s2 0
117240 331056 80000 1 s1 s2 0
91836 288148 80000 1 s1 s2 0
94086 265544 80000 1 s1 s2 0
107924 315169 80000 1 s1 s2 0
114850 351373 80000 1 s1 s2 0
123341 339246 80000 1 s1 s2 0
92485 297836 80000 1 s1 s2 0
102542 306872 80000 1 s1 s2 0
99899 325701 80000 1 s1 s2 0
104584 310315 80000 1 s1 s2 0
90669 323912 80000 1 s1 s2 0
104429 301880 80000 1 s1 s2 0
103537 272024 80000 1 s1 s2 0
103747 304469 80000 1 s1 s2 0
117340 287084 80000 1 s1 s2 0
129051 287059 80000 1 s1 s2 0
88867 283083 80000 1 s1 s2 0
126590 307560 80000 1 s1 s2 0
105646 263752 80000 1 s1 s2 0
121193 291732 80000 1 s1 s2 0
107361 321166 80000 1 s1 s2 0
106027 285514 80000 1 s1 s2 0
93177 329235 80000 1 s1 s2 0
104203 325734 80000 1 s1 s2 0
101939 314447 80000 1 s1 s2 0
148757 309605 80000 1 s1 s2 0
124456 280545 80000 1 s1 s2 0
129561 319715 80000 1 s1 s2 0
93147 258149 80000 1 s1 s2 0
