66301 0 60000 1 s1 s2 0
66175 0 60000 1 s1 s2 0
65792 0 60000 1 s1 s2 0
65883 0 60000 1 s1 s2 0
66004 0 60000 1 s1 s2 0
66260 0 60000 1 s1 s2 0
66278 0 60000 1 s1 s2 0
66720 0 60000 1 s1 s2 0
67132 0 60000 1 s1 s2 0
66425 0 60000 1 s1 s2 0
66030 0 60000 1 s1 s2 0
66601 0 60000 1 s1 s2 0
66553 0 60000 1 s1 s2 0
67076 0 60000 1 s1 s2 0
66066 0 60000 1 s1 s2 0
66660 0 60000 1 s1 s2 0
66419 0 60000 1 s1 s2 0
65890 0 60000 1 s1 s2 0
67099 0 60000 1 s1 s2 0
66547 0 60000 1 s1 s2 0
66085 0 60000 1 s1 s2 0
65979 0 60000 1 s1 s2 0
66087 0 60000 1 s1 s2 0
66055 0 60000 1 s1 s2 0
66058 0 60000 1 s1 s2 0
66173 0 60000 1 s1 s2 0
65704 0 60000 1 s1 s2 0
66064 0 60000 1 s1 s2 0
66422 0 60000 1 s1 s2 0
66063 0 60000 1 s1 s2 0
