134097 0 60000 1 s2 s3 0
134336 0 60000 1 s2 s3 0
133962 0 60000 1 s2 s3 0
133616 0 60000 1 s2 s3 0
133369 0 60000 1 s2 s3 0
133145 0 60000 1 s2 s3 0
133561 0 60000 1 s2 s3 0
133319 0 60000 1 s2 s3 0
133786 0 60000 1 s2 s3 0
133305 0 60000 1 s2 s3 0
133670 0 60000 1 s2 s3 0
133297 0 60000 1 s2 s3 0
133587 0 60000 1 s2 s3 0
133618 0 60000 1 s2 s3 0
133489 0 60000 1 s2 s3 0
133377 0 60000 1 s2 s3 0
133659 0 60000 1 s2 s3 0
133116 0 60000 1 s2 s3 0
133976 0 60000 1 s2 s3 0
133623 0 60000 1 s2 s3 0
133205 0 60000 1 s2 s3 0
133861 0 60000 1 s2 s3 0
133073 0 60000 1 s2 s3 0
133552 0 60000 1 s2 s3 0
134017 0 60000 1 s2 s3 0
133863 0 60000 1 s2 s3 0
134287 0 60000 1 s2 s3 0
133196 0 60000 1 s2 s3 0
133579 0 60000 1 s2 s3 0
133789 0 60000 1 s2 s3 0
