273265 0 60000 1 s4 s5 0
272941 0 60000 1 s4 s5 0
274319 0 60000 1 s4 s5 0
240522 0 60000 1 s4 s5 0
273911 0 60000 1 s4 s5 0
273694 0 60000 1 s4 s5 0
274521 0 60000 1 s4 s5 0
273448 0 60000 1 s4 s5 0
274584 0 60000 1 s4 s5 0
273682 0 60000 1 s4 s5 0
240852 0 60000 1 s4 s5 0
274901 0 60000 1 s4 s5 0
273461 0 60000 1 s4 s5 0
274674 0 60000 1 s4 s5 0
274777 0 60000 1 s4 s5 0
273925 0 60000 1 s4 s5 0
241265 0 60000 1 s4 s5 0
274325 0 60000 1 s4 s5 0
273500 0 60000 1 s4 s5 0
274947 0 60000 1 s4 s5 0
274345 0 60000 1 s4 s5 0
240207 0 60000 1 s4 s5 0
273356 0 60000 1 s4 s5 0
274923 0 60000 1 s4 s5 0
275496 0 60000 1 s4 s5 0
273849 0 60000 1 s4 s5 0
274717 0 60000 1 s4 s5 0
240781 0 60000 1 s4 s5 0
274148 0 60000 1 s4 s5 0
273940 0 60000 1 s4 s5 0
