203827 0 60000 1 s3 s4 0
203516 0 60000 1 s3 s4 0
203842 0 60000 1 s3 s4 0
203692 0 60000 1 s3 s4 0
205095 0 60000 1 s3 s4 0
204577 0 60000 1 s3 s4 0
203963 0 60000 1 s3 s4 0
203277 0 60000 1 s3 s4 0
205031 0 60000 1 s3 s4 0
203026 0 60000 1 s3 s4 0
205335 0 60000 1 s3 s4 0
203328 0 60000 1 s3 s4 0
204093 0 60000 1 s3 s4 0
203941 0 60000 1 s3 s4 0
204681 0 60000 1 s3 s4 0
205130 0 60000 1 s3 s4 0
204014 0 60000 1 s3 s4 0
204738 0 60000 1 s3 s4 0
204729 0 60000 1 s3 s4 0
204246 0 60000 1 s3 s4 0
202992 0 60000 1 s3 s4 0
203864 0 60000 1 s3 s4 0
204070 0 60000 1 s3 s4 0
203680 0 60000 1 s3 s4 0
203584 0 60000 1 s3 s4 0
204129 0 60000 1 s3 s4 0
203012 0 60000 1 s3 s4 0
204096 0 60000 1 s3 s4 0
203568 0 60000 1 s3 s4 0
203579 0 60000 1 s3 s4 0
