346977 0 60000 1 s1 s5 0
347363 0 60000 1 s1 s5 0
301283 0 60000 1 s1 s5 0
343049 0 60000 1 s1 s5 0
345416 0 60000 1 s1 s5 0
300703 0 60000 1 s1 s5 0
344118 0 60000 1 s1 s5 0
300234 0 60000 1 s1 s5 0
346740 0 60000 1 s1 s5 0
345225 0 60000 1 s1 s5 0
346507 0 60000 1 s1 s5 0
345992 0 60000 1 s1 s5 0
344809 0 60000 1 s1 s5 0
346324 0 60000 1 s1 s5 0
345054 0 60000 1 s1 s5 0
343178 0 60000 1 s1 s5 0
300351 0 60000 1 s1 s5 0
344429 0 60000 1 s1 s5 0
343528 0 60000 1 s1 s5 0
346598 0 60000 1 s1 s5 0
345229 0 60000 1 s1 s5 0
344999 0 60000 1 s1 s5 0
344255 0 60000 1 s1 s5 0
300670 0 60000 1 s1 s5 0
344040 0 60000 1 s1 s5 0
346073 0 60000 1 s1 s5 0
300504 0 60000 1 s1 s5 0
346696 0 60000 1 s1 s5 0
343219 0 60000 1 s1 s5 0
300885 0 60000 1 s1 s5 0
