191138 325647 120000 1 s2 s3 0
188186 281399 120000 1 s2 s3 0
193160 344810 120000 1 s2 s3 0
210724 291973 120000 1 s2 s3 0
188046 315149 120000 1 s2 s3 0
197808 302777 120000 1 s2 s3 0
207587 274744 120000 1 s2 s3 0
198346 272008 120000 1 s2 s3 0
199076 286283 120000 1 s2 s3 0
172470 307182 120000 1 s2 s3 0
200882 322778 120000 1 s2 s3 0
196264 298587 120000 1 s2 s3 0
201217 306118 120000 1 s2 s3 0
203811 317621 120000 1 s2 s3 0
229321 291182 120000 1 s2 s3 0
200321 285188 120000 1 s2 s3 0
199732 288259 120000 1 s2 s3 0
179301 291136 120000 1 s2 s3 0
210107 350609 120000 1 s2 s3 0
223205 390714 120000 1 s2 s3 0
217416 309205 120000 1 s2 s3 0
194900 331059 120000 1 s2 s3 0
217028 321479 120000 1 s2 s3 0
240452 294982 120000 1 s2 s3 0
250827 320127 120000 1 s2 s3 0
178890 298270 120000 1 s2 s3 0
170825 288424 120000 1 s2 s3 0
182907 275074 120000 1 s2 s3 0
235705 322334 120000 1 s2 s3 0
210229 313033 120000 1 s2 s3 0
