306360 0 100000 1 s3 s4 0
306134 0 100000 1 s3 s4 0
306641 0 100000 1 s3 s4 0
306388 0 100000 1 s3 s4 0
306574 0 100000 1 s3 s4 0
308941 0 100000 1 s3 s4 0
306650 0 100000 1 s3 s4 0
306109 0 100000 1 s3 s4 0
305811 0 100000 1 s3 s4 0
307960 0 100000 1 s3 s4 0
306578 0 100000 1 s3 s4 0
305527 0 100000 1 s3 s4 0
305461 0 100000 1 s3 s4 0
306166 0 100000 1 s3 s4 0
305515 0 100000 1 s3 s4 0
306370 0 100000 1 s3 s4 0
306242 0 100000 1 s3 s4 0
305810 0 100000 1 s3 s4 0
306064 0 100000 1 s3 s4 0
305934 0 100000 1 s3 s4 0
305860 0 100000 1 s3 s4 0
306915 0 100000 1 s3 s4 0
308408 0 100000 1 s3 s4 0
306938 0 100000 1 s3 s4 0
305879 0 100000 1 s3 s4 0
305797 0 100000 1 s3 s4 0
305361 0 100000 1 s3 s4 0
305225 0 100000 1 s3 s4 0
305194 0 100000 1 s3 s4 0
306467 0 100000 1 s3 s4 0
