106681 0 100000 1 s1 s2 0
107165 0 100000 1 s1 s2 0
106394 0 100000 1 s1 s2 0
107604 0 100000 1 s1 s2 0
107306 0 100000 1 s1 s2 0
107300 0 100000 1 s1 s2 0
107865 0 100000 1 s1 s2 0
108237 0 100000 1 s1 s2 0
107153 0 100000 1 s1 s2 0
107106 0 100000 1 s1 s2 0
107307 0 100000 1 s1 s2 0
108499 0 100000 1 s1 s2 0
107459 0 100000 1 s1 s2 0
107373 0 100000 1 s1 s2 0
108021 0 100000 1 s1 s2 0
106510 0 100000 1 s1 s2 0
107098 0 100000 1 s1 s2 0
107187 0 100000 1 s1 s2 0
107714 0 100000 1 s1 s2 0
106688 0 100000 1 s1 s2 0
106355 0 100000 1 s1 s2 0
106818 0 100000 1 s1 s2 0
106645 0 100000 1 s1 s2 0
106634 0 100000 1 s1 s2 0
106655 0 100000 1 s1 s2 0
106868 0 100000 1 s1 s2 0
106569 0 100000 1 s1 s2 0
106502 0 100000 1 s1 s2 0
108061 0 100000 1 s1 s2 0
107417 0 100000 1 s1 s2 0
