506442 0 100000 1 s1 s5 0
505380 0 100000 1 s1 s5 0
506088 0 100000 1 s1 s5 0
506075 0 100000 1 s1 s5 0
505200 0 100000 1 s1 s5 0
506133 0 100000 1 s1 s5 0
505821 0 100000 1 s1 s5 0
505046 0 100000 1 s1 s5 0
505461 0 100000 1 s1 s5 0
505037 0 100000 1 s1 s5 0
505666 0 100000 1 s1 s5 0
505705 0 100000 1 s1 s5 0
504883 0 100000 1 s1 s5 0
505034 0 100000 1 s1 s5 0
505343 0 100000 1 s1 s5 0
505877 0 100000 1 s1 s5 0
506070 0 100000 1 s1 s5 0
505901 0 100000 1 s1 s5 0
510015 0 100000 1 s1 s5 0
505770 0 100000 1 s1 s5 0
506398 0 100000 1 s1 s5 0
505322 0 100000 1 s1 s5 0
505387 0 100000 1 s1 s5 0
505383 0 100000 1 s1 s5 0
505158 0 100000 1 s1 s5 0
505551 0 100000 1 s1 s5 0
506420 0 100000 1 s1 s5 0
506123 0 100000 1 s1 s5 0
505548 0 100000 1 s1 s5 0
505663 0 100000 1 s1 s5 0
