405473 0 100000 1 s4 s5 0
406309 0 100000 1 s4 s5 0
406221 0 100000 1 s4 s5 0
405965 0 100000 1 s4 s5 0
405943 0 100000 1 s4 s5 0
405606 0 100000 1 s4 s5 0
405673 0 100000 1 s4 s5 0
406292 0 100000 1 s4 s5 0
406197 0 100000 1 s4 s5 0
406071 0 100000 1 s4 s5 0
405680 0 100000 1 s4 s5 0
406055 0 100000 1 s4 s5 0
405273 0 100000 1 s4 s5 0
406189 0 100000 1 s4 s5 0
406431 0 100000 1 s4 s5 0
406122 0 100000 1 s4 s5 0
405528 0 100000 1 s4 s5 0
405636 0 100000 1 s4 s5 0
405628 0 100000 1 s4 s5 0
404975 0 100000 1 s4 s5 0
405159 0 100000 1 s4 s5 0
405964 0 100000 1 s4 s5 0
405780 0 100000 1 s4 s5 0
407255 0 100000 1 s4 s5 0
405700 0 100000 1 s4 s5 0
406034 0 100000 1 s4 s5 0
405214 0 100000 1 s4 s5 0
405259 0 100000 1 s4 s5 0
405739 0 100000 1 s4 s5 0
405648 0 100000 1 s4 s5 0
