206802 0 100000 1 s2 s3 0
206805 0 100000 1 s2 s3 0
205601 0 100000 1 s2 s3 0
207324 0 100000 1 s2 s3 0
205857 0 100000 1 s2 s3 0
205871 0 100000 1 s2 s3 0
206785 0 100000 1 s2 s3 0
206081 0 100000 1 s2 s3 0
206768 0 100000 1 s2 s3 0
206697 0 100000 1 s2 s3 0
206262 0 100000 1 s2 s3 0
206978 0 100000 1 s2 s3 0
206444 0 100000 1 s2 s3 0
205966 0 100000 1 s2 s3 0
206435 0 100000 1 s2 s3 0
206624 0 100000 1 s2 s3 0
206160 0 100000 1 s2 s3 0
206944 0 100000 1 s2 s3 0
207229 0 100000 1 s2 s3 0
207320 0 100000 1 s2 s3 0
206891 0 100000 1 s2 s3 0
206477 0 100000 1 s2 s3 0
206150 0 100000 1 s2 s3 0
205615 0 100000 1 s2 s3 0
206348 0 100000 1 s2 s3 0
205936 0 100000 1 s2 s3 0
207065 0 100000 1 s2 s3 0
206276 0 100000 1 s2 s3 0
206667 0 100000 1 s2 s3 0
206567 0 100000 1 s2 s3 0
