406262 0 80000 1 s1 s5 0
406574 0 80000 1 s1 s5 0
405809 0 80000 1 s1 s5 0
405509 0 80000 1 s1 s5 0
405535 0 80000 1 s1 s5 0
405461 0 80000 1 s1 s5 0
405483 0 80000 1 s1 s5 0
405707 0 80000 1 s1 s5 0
405607 0 80000 1 s1 s5 0
405631 0 80000 1 s1 s5 0
405246 0 80000 1 s1 s5 0
405689 0 80000 1 s1 s5 0
405595 0 80000 1 s1 s5 0
405632 0 80000 1 s1 s5 0
406212 0 80000 1 s1 s5 0
406082 0 80000 1 s1 s5 0
405817 0 80000 1 s1 s5 0
405253 0 80000 1 s1 s5 0
405572 0 80000 1 s1 s5 0
405465 0 80000 1 s1 s5 0
405894 0 80000 1 s1 s5 0
405129 0 80000 1 s1 s5 0
405847 0 80000 1 s1 s5 0
411624 0 80000 1 s1 s5 0
405842 0 80000 1 s1 s5 0
405211 0 80000 1 s1 s5 0
406029 0 80000 1 s1 s5 0
406306 0 80000 1 s1 s5 0
405438 0 80000 1 s1 s5 0
404959 0 80000 1 s1 s5 0
