272117 151622 90000 1 s1 s5 0
269602 156666 90000 1 s1 s5 0
196270 138300 90000 1 s1 s5 0
218568 143706 90000 1 s1 s5 0
216383 143006 90000 1 s1 s5 0
244151 148956 90000 1 s1 s5 0
280921 155552 90000 1 s1 s5 0
271998 154089 90000 1 s1 s5 0
275999 155413 90000 1 s1 s5 0
273866 158250 90000 1 s1 s5 0
268792 156108 90000 1 s1 s5 0
272508 157303 90000 1 s1 s5 0
285250 162491 90000 1 s1 s5 0
283170 155770 90000 1 s1 s5 0
239022 149999 90000 1 s1 s5 0
259283 153306 90000 1 s1 s5 0
271541 157041 90000 1 s1 s5 0
278966 160505 90000 1 s1 s5 0
279131 160494 90000 1 s1 s5 0
257982 152084 90000 1 s1 s5 0
273050 152322 90000 1 s1 s5 0
285150 161829 90000 1 s1 s5 0
253008 151754 90000 1 s1 s5 0
215656 142846 90000 1 s1 s5 0
282955 155887 90000 1 s1 s5 0
290361 158322 90000 1 s1 s5 0
280192 155710 90000 1 s1 s5 0
285355 156459 90000 1 s1 s5 0
280143 155363 90000 1 s1 s5 0
292211 164099 90000 1 s1 s5 0
