185269 106834 60000 1 s1 s5 0
176792 102775 60000 1 s1 s5 0
176968 103559 60000 1 s1 s5 0
204832 108994 60000 1 s1 s5 0
192035 107168 60000 1 s1 s5 0
213916 106795 60000 1 s1 s5 0
199865 106107 60000 1 s1 s5 0
124721 92664 60000 1 s1 s5 0
129401 91620 60000 1 s1 s5 0
176607 103136 60000 1 s1 s5 0
161709 101479 60000 1 s1 s5 0
119145 91370 60000 1 s1 s5 0
211969 109330 60000 1 s1 s5 0
192260 102401 60000 1 s1 s5 0
158584 101820 60000 1 s1 s5 0
199475 105660 60000 1 s1 s5 0
193475 109592 60000 1 s1 s5 0
190517 108020 60000 1 s1 s5 0
200464 111528 60000 1 s1 s5 0
187167 108542 60000 1 s1 s5 0
203169 106332 60000 1 s1 s5 0
121556 91547 60000 1 s1 s5 0
123091 89574 60000 1 s1 s5 0
143449 97713 60000 1 s1 s5 0
146762 98210 60000 1 s1 s5 0
181320 105369 60000 1 s1 s5 0
194451 109646 60000 1 s1 s5 0
137941 94633 60000 1 s1 s5 0
161291 100339 60000 1 s1 s5 0
139250 95579 60000 1 s1 s5 0
