250803 143091 60000 1 s4 s5 0
213576 150153 60000 1 s4 s5 0
222833 148869 60000 1 s4 s5 0
277964 150276 60000 1 s4 s5 0
244454 157868 60000 1 s4 s5 0
230586 147217 60000 1 s4 s5 0
316390 145080 60000 1 s4 s5 0
144622 132349 60000 1 s4 s5 0
199062 152324 60000 1 s4 s5 0
169048 121014 60000 1 s4 s5 0
216265 162378 60000 1 s4 s5 0
289333 127018 60000 1 s4 s5 0
140484 139664 60000 1 s4 s5 0
258479 169368 60000 1 s4 s5 0
196070 136101 60000 1 s4 s5 0
239883 162262 60000 1 s4 s5 0
175137 156685 60000 1 s4 s5 0
233258 133579 60000 1 s4 s5 0
198096 142378 60000 1 s4 s5 0
215465 151756 60000 1 s4 s5 0
202131 150760 60000 1 s4 s5 0
211271 153603 60000 1 s4 s5 0
214515 151140 60000 1 s4 s5 0
214472 130108 60000 1 s4 s5 0
258305 176329 60000 1 s4 s5 0
288755 148475 60000 1 s4 s5 0
250477 163395 60000 1 s4 s5 0
249669 136623 60000 1 s4 s5 0
253856 136100 60000 1 s4 s5 0
145445 118181 60000 1 s4 s5 0
