120689 71389 60000 1 s1 s5 0
135484 78709 60000 1 s1 s5 0
211021 73302 60000 1 s1 s5 0
217416 117115 60000 1 s1 s5 0
145895 78684 60000 1 s1 s5 0
236732 123495 60000 1 s1 s5 0
155584 106838 60000 1 s1 s5 0
208696 120972 60000 1 s1 s5 0
155735 77875 60000 1 s1 s5 0
119814 75351 60000 1 s1 s5 0
135348 72029 60000 1 s1 s5 0
246227 96027 60000 1 s1 s5 0
174449 109798 60000 1 s1 s5 0
209338 89862 60000 1 s1 s5 0
327005 115713 60000 1 s1 s5 0
172548 75066 60000 1 s1 s5 0
160828 117689 60000 1 s1 s5 0
170106 115300 60000 1 s1 s5 0
120981 111908 60000 1 s1 s5 0
308818 94483 60000 1 s1 s5 0
224031 104858 60000 1 s1 s5 0
174648 94162 60000 1 s1 s5 0
123470 90963 60000 1 s1 s5 0
157751 104651 60000 1 s1 s5 0
135412 100292 60000 1 s1 s5 0
173322 71369 60000 1 s1 s5 0
154803 104165 60000 1 s1 s5 0
150557 93294 60000 1 s1 s5 0
206768 114284 60000 1 s1 s5 0
327785 103219 60000 1 s1 s5 0
