121611 342335 60000 1 s1 s2 0
108512 317848 60000 1 s1 s2 0
119397 302633 60000 1 s1 s2 0
118260 321554 60000 1 s1 s2 0
117414 291908 60000 1 s1 s2 0
126443 319522 60000 1 s1 s2 0
94866 286810 60000 1 s1 s2 0
104757 251654 60000 1 s1 s2 0
117989 363962 60000 1 s1 s2 0
108292 344267 60000 1 s1 s2 0
95925 297969 60000 1 s1 s2 0
81906 310778 60000 1 s1 s2 0
95923 306066 60000 1 s1 s2 0
84368 302281 60000 1 s1 s2 0
110428 288049 60000 1 s1 s2 0
111787 295732 60000 1 s1 s2 0
109002 364940 60000 1 s1 s2 0
121929 321706 60000 1 s1 s2 0
116536 318904 60000 1 s1 s2 0
109530 298062 60000 1 s1 s2 0
75229 325429 60000 1 s1 s2 0
79043 305548 60000 1 s1 s2 0
104408 238307 60000 1 s1 s2 0
106708 328590 60000 1 s1 s2 0
107305 287549 60000 1 s1 s2 0
83009 279915 60000 1 s1 s2 0
102009 288008 60000 1 s1 s2 0
110848 320876 60000 1 s1 s2 0
96766 337190 60000 1 s1 s2 0
66144 303240 60000 1 s1 s2 0
