236001 220374 100000 1 s3 s4 0
238830 202027 100000 1 s3 s4 0
238880 210732 100000 1 s3 s4 0
222760 196657 100000 1 s3 s4 0
212689 241718 100000 1 s3 s4 0
197053 217091 100000 1 s3 s4 0
201870 245533 100000 1 s3 s4 0
230838 218827 100000 1 s3 s4 0
213821 217124 100000 1 s3 s4 0
240498 227731 100000 1 s3 s4 0
273784 274151 100000 1 s3 s4 0
259956 263948 100000 1 s3 s4 0
247497 293364 100000 1 s3 s4 0
206109 236416 100000 1 s3 s4 0
216309 210035 100000 1 s3 s4 0
246045 293517 100000 1 s3 s4 0
238737 261694 100000 1 s3 s4 0
235862 227524 100000 1 s3 s4 0
225652 251647 100000 1 s3 s4 0
209667 209488 100000 1 s3 s4 0
221153 219922 100000 1 s3 s4 0
238545 208623 100000 1 s3 s4 0
242137 262974 100000 1 s3 s4 0
220804 220791 100000 1 s3 s4 0
199106 219650 100000 1 s3 s4 0
265964 214364 100000 1 s3 s4 0
208065 215950 100000 1 s3 s4 0
218195 218837 100000 1 s3 s4 0
227960 251959 100000 1 s3 s4 0
220991 257686 100000 1 s3 s4 0
