301285 174921 100000 1 s4 s5 0
317593 184292 100000 1 s4 s5 0
280701 174068 100000 1 s4 s5 0
304625 209820 100000 1 s4 s5 0
308912 195831 100000 1 s4 s5 0
262497 167469 100000 1 s4 s5 0
283297 173525 100000 1 s4 s5 0
293345 138382 100000 1 s4 s5 0
328550 144415 100000 1 s4 s5 0
290221 163873 100000 1 s4 s5 0
257129 161125 100000 1 s4 s5 0
291805 211731 100000 1 s4 s5 0
340809 201694 100000 1 s4 s5 0
309388 156128 100000 1 s4 s5 0
302550 167782 100000 1 s4 s5 0
293672 185475 100000 1 s4 s5 0
246720 192768 100000 1 s4 s5 0
285120 168620 100000 1 s4 s5 0
267713 164178 100000 1 s4 s5 0
326608 205930 100000 1 s4 s5 0
305320 185080 100000 1 s4 s5 0
287139 180057 100000 1 s4 s5 0
292114 256291 100000 1 s4 s5 0
341930 194315 100000 1 s4 s5 0
256888 188949 100000 1 s4 s5 0
322153 180675 100000 1 s4 s5 0
327730 165737 100000 1 s4 s5 0
269957 212863 100000 1 s4 s5 0
296344 191163 100000 1 s4 s5 0
323747 210567 100000 1 s4 s5 0
