318514 120226 100000 1 s1 s5 0
316730 116604 100000 1 s1 s5 0
348242 110352 100000 1 s1 s5 0
376483 131998 100000 1 s1 s5 0
321702 170694 100000 1 s1 s5 0
368615 157930 100000 1 s1 s5 0
317571 145214 100000 1 s1 s5 0
397188 119757 100000 1 s1 s5 0
395497 112103 100000 1 s1 s5 0
309537 136175 100000 1 s1 s5 0
376667 111642 100000 1 s1 s5 0
339911 111704 100000 1 s1 s5 0
355907 154419 100000 1 s1 s5 0
335760 129967 100000 1 s1 s5 0
265472 124296 100000 1 s1 s5 0
359845 136536 100000 1 s1 s5 0
351776 130932 100000 1 s1 s5 0
366114 155553 100000 1 s1 s5 0
368807 120775 100000 1 s1 s5 0
316752 112180 100000 1 s1 s5 0
281904 144538 100000 1 s1 s5 0
357186 142798 100000 1 s1 s5 0
315435 129763 100000 1 s1 s5 0
316494 169859 100000 1 s1 s5 0
294534 112476 100000 1 s1 s5 0
327432 128710 100000 1 s1 s5 0
357318 149558 100000 1 s1 s5 0
339246 127491 100000 1 s1 s5 0
348432 148498 100000 1 s1 s5 0
355742 145499 100000 1 s1 s5 0
