167093 254706 60000 1 s2 s3 0
150892 271411 60000 1 s2 s3 0
136360 263038 60000 1 s2 s3 0
151364 294767 60000 1 s2 s3 0
127215 229214 60000 1 s2 s3 0
151369 264633 60000 1 s2 s3 0
145478 233447 60000 1 s2 s3 0
146933 263073 60000 1 s2 s3 0
164298 293496 60000 1 s2 s3 0
169721 257403 60000 1 s2 s3 0
146277 276998 60000 1 s2 s3 0
141812 228986 60000 1 s2 s3 0
146953 255828 60000 1 s2 s3 0
125990 327722 60000 1 s2 s3 0
155693 272733 60000 1 s2 s3 0
136538 274901 60000 1 s2 s3 0
181954 230994 60000 1 s2 s3 0
136208 292016 60000 1 s2 s3 0
191651 224447 60000 1 s2 s3 0
172324 277522 60000 1 s2 s3 0
147269 264293 60000 1 s2 s3 0
158807 262933 60000 1 s2 s3 0
157383 248578 60000 1 s2 s3 0
141909 234816 60000 1 s2 s3 0
136927 220813 60000 1 s2 s3 0
149620 216847 60000 1 s2 s3 0
148696 273786 60000 1 s2 s3 0
142390 226594 60000 1 s2 s3 0
171196 300554 60000 1 s2 s3 0
159899 261366 60000 1 s2 s3 0
