224915 207591 60000 1 s3 s4 0
162097 204634 60000 1 s3 s4 0
196842 200705 60000 1 s3 s4 0
218835 187610 60000 1 s3 s4 0
200156 228633 60000 1 s3 s4 0
189868 186052 60000 1 s3 s4 0
204783 242661 60000 1 s3 s4 0
196973 161567 60000 1 s3 s4 0
201698 195829 60000 1 s3 s4 0
208188 217250 60000 1 s3 s4 0
222689 226951 60000 1 s3 s4 0
189503 197157 60000 1 s3 s4 0
161782 173133 60000 1 s3 s4 0
192844 212440 60000 1 s3 s4 0
207626 217050 60000 1 s3 s4 0
182670 197763 60000 1 s3 s4 0
187204 214145 60000 1 s3 s4 0
221542 211478 60000 1 s3 s4 0
183953 203371 60000 1 s3 s4 0
176440 191749 60000 1 s3 s4 0
202869 126381 60000 1 s3 s4 0
187751 212394 60000 1 s3 s4 0
197069 191363 60000 1 s3 s4 0
173414 172993 60000 1 s3 s4 0
215869 213181 60000 1 s3 s4 0
200167 223257 60000 1 s3 s4 0
195753 201276 60000 1 s3 s4 0
196490 192654 60000 1 s3 s4 0
164138 204345 60000 1 s3 s4 0
198369 200011 60000 1 s3 s4 0
