277009 0 90000 1 s3 s4 0
276282 0 90000 1 s3 s4 0
276379 0 90000 1 s3 s4 0
276008 0 90000 1 s3 s4 0
276014 0 90000 1 s3 s4 0
276681 0 90000 1 s3 s4 0
275728 0 90000 1 s3 s4 0
276126 0 90000 1 s3 s4 0
276526 0 90000 1 s3 s4 0
275711 0 90000 1 s3 s4 0
276165 0 90000 1 s3 s4 0
275765 0 90000 1 s3 s4 0
276581 0 90000 1 s3 s4 0
275745 0 90000 1 s3 s4 0
275562 0 90000 1 s3 s4 0
276479 0 90000 1 s3 s4 0
276602 0 90000 1 s3 s4 0
275881 0 90000 1 s3 s4 0
275712 0 90000 1 s3 s4 0
276028 0 90000 1 s3 s4 0
276230 0 90000 1 s3 s4 0
276614 0 90000 1 s3 s4 0
276536 0 90000 1 s3 s4 0
276779 0 90000 1 s3 s4 0
275994 0 90000 1 s3 s4 0
275971 0 90000 1 s3 s4 0
276435 0 90000 1 s3 s4 0
276805 0 90000 1 s3 s4 0
277079 0 90000 1 s3 s4 0
276004 0 90000 1 s3 s4 0
