97449 0 90000 1 s1 s2 0
97352 0 90000 1 s1 s2 0
98376 0 90000 1 s1 s2 0
95756 0 90000 1 s1 s2 0
97519 0 90000 1 s1 s2 0
96921 0 90000 1 s1 s2 0
97297 0 90000 1 s1 s2 0
97482 0 90000 1 s1 s2 0
97554 0 90000 1 s1 s2 0
97761 0 90000 1 s1 s2 0
97262 0 90000 1 s1 s2 0
97171 0 90000 1 s1 s2 0
97368 0 90000 1 s1 s2 0
96692 0 90000 1 s1 s2 0
95437 0 90000 1 s1 s2 0
96644 0 90000 1 s1 s2 0
95633 0 90000 1 s1 s2 0
97770 0 90000 1 s1 s2 0
97229 0 90000 1 s1 s2 0
96275 0 90000 1 s1 s2 0
96669 0 90000 1 s1 s2 0
97306 0 90000 1 s1 s2 0
97107 0 90000 1 s1 s2 0
96794 0 90000 1 s1 s2 0
96833 0 90000 1 s1 s2 0
97316 0 90000 1 s1 s2 0
96804 0 90000 1 s1 s2 0
96658 0 90000 1 s1 s2 0
96265 0 90000 1 s1 s2 0
97278 0 90000 1 s1 s2 0
