186444 0 90000 1 s2 s3 0
185531 0 90000 1 s2 s3 0
186844 0 90000 1 s2 s3 0
186211 0 90000 1 s2 s3 0
186637 0 90000 1 s2 s3 0
187195 0 90000 1 s2 s3 0
185773 0 90000 1 s2 s3 0
186042 0 90000 1 s2 s3 0
185693 0 90000 1 s2 s3 0
186411 0 90000 1 s2 s3 0
186486 0 90000 1 s2 s3 0
186369 0 90000 1 s2 s3 0
186198 0 90000 1 s2 s3 0
187275 0 90000 1 s2 s3 0
185968 0 90000 1 s2 s3 0
186278 0 90000 1 s2 s3 0
186072 0 90000 1 s2 s3 0
186416 0 90000 1 s2 s3 0
185758 0 90000 1 s2 s3 0
185784 0 90000 1 s2 s3 0
186416 0 90000 1 s2 s3 0
185564 0 90000 1 s2 s3 0
186477 0 90000 1 s2 s3 0
187473 0 90000 1 s2 s3 0
185990 0 90000 1 s2 s3 0
185948 0 90000 1 s2 s3 0
186692 0 90000 1 s2 s3 0
186589 0 90000 1 s2 s3 0
186322 0 90000 1 s2 s3 0
187522 0 90000 1 s2 s3 0
