455375 0 90000 1 s1 s5 0
458221 0 90000 1 s1 s5 0
456687 0 90000 1 s1 s5 0
455532 0 90000 1 s1 s5 0
456153 0 90000 1 s1 s5 0
455125 0 90000 1 s1 s5 0
456052 0 90000 1 s1 s5 0
455808 0 90000 1 s1 s5 0
455844 0 90000 1 s1 s5 0
455548 0 90000 1 s1 s5 0
456001 0 90000 1 s1 s5 0
455291 0 90000 1 s1 s5 0
455752 0 90000 1 s1 s5 0
455766 0 90000 1 s1 s5 0
454946 0 90000 1 s1 s5 0
456057 0 90000 1 s1 s5 0
456036 0 90000 1 s1 s5 0
455623 0 90000 1 s1 s5 0
456232 0 90000 1 s1 s5 0
455823 0 90000 1 s1 s5 0
455918 0 90000 1 s1 s5 0
455333 0 90000 1 s1 s5 0
455391 0 90000 1 s1 s5 0
455942 0 90000 1 s1 s5 0
455485 0 90000 1 s1 s5 0
455761 0 90000 1 s1 s5 0
455807 0 90000 1 s1 s5 0
455659 0 90000 1 s1 s5 0
455652 0 90000 1 s1 s5 0
455787 0 90000 1 s1 s5 0
