365891 0 90000 1 s4 s5 0
365663 0 90000 1 s4 s5 0
366313 0 90000 1 s4 s5 0
365982 0 90000 1 s4 s5 0
365495 0 90000 1 s4 s5 0
366195 0 90000 1 s4 s5 0
365230 0 90000 1 s4 s5 0
365393 0 90000 1 s4 s5 0
365373 0 90000 1 s4 s5 0
365397 0 90000 1 s4 s5 0
365176 0 90000 1 s4 s5 0
365759 0 90000 1 s4 s5 0
366009 0 90000 1 s4 s5 0
365885 0 90000 1 s4 s5 0
366361 0 90000 1 s4 s5 0
366111 0 90000 1 s4 s5 0
365631 0 90000 1 s4 s5 0
365747 0 90000 1 s4 s5 0
365543 0 90000 1 s4 s5 0
366317 0 90000 1 s4 s5 0
366238 0 90000 1 s4 s5 0
365526 0 90000 1 s4 s5 0
366338 0 90000 1 s4 s5 0
365731 0 90000 1 s4 s5 0
365450 0 90000 1 s4 s5 0
365550 0 90000 1 s4 s5 0
365976 0 90000 1 s4 s5 0
365545 0 90000 1 s4 s5 0
365421 0 90000 1 s4 s5 0
367277 0 90000 1 s4 s5 0
