245658 213849 100000 1 s3 s4 0
276793 224187 100000 1 s3 s4 0
240786 201413 100000 1 s3 s4 0
248219 239432 100000 1 s3 s4 0
228006 205283 100000 1 s3 s4 0
251078 265943 100000 1 s3 s4 0
273801 269336 100000 1 s3 s4 0
258729 254363 100000 1 s3 s4 0
242407 256147 100000 1 s3 s4 0
262400 247022 100000 1 s3 s4 0
228630 238238 100000 1 s3 s4 0
233380 232493 100000 1 s3 s4 0
221507 228278 100000 1 s3 s4 0
228762 226051 100000 1 s3 s4 0
233112 217519 100000 1 s3 s4 0
258862 263655 100000 1 s3 s4 0
226306 239539 100000 1 s3 s4 0
226187 198682 100000 1 s3 s4 0
222042 229478 100000 1 s3 s4 0
252327 264290 100000 1 s3 s4 0
230707 227673 100000 1 s3 s4 0
233618 226624 100000 1 s3 s4 0
235071 262833 100000 1 s3 s4 0
230507 204580 100000 1 s3 s4 0
231255 225897 100000 1 s3 s4 0
227405 244392 100000 1 s3 s4 0
273054 248197 100000 1 s3 s4 0
222008 264157 100000 1 s3 s4 0
282510 224368 100000 1 s3 s4 0
227928 251312 100000 1 s3 s4 0
