178950 320084 100000 1 s2 s3 0
168458 253571 100000 1 s2 s3 0
163442 307413 100000 1 s2 s3 0
199067 313225 100000 1 s2 s3 0
191421 348146 100000 1 s2 s3 0
185583 270631 100000 1 s2 s3 0
199738 324566 100000 1 s2 s3 0
178597 283317 100000 1 s2 s3 0
199559 340305 100000 1 s2 s3 0
222832 317336 100000 1 s2 s3 0
194609 297607 100000 1 s2 s3 0
157905 277979 100000 1 s2 s3 0
184837 286982 100000 1 s2 s3 0
195274 302127 100000 1 s2 s3 0
202449 338289 100000 1 s2 s3 0
177590 329696 100000 1 s2 s3 0
175132 270430 100000 1 s2 s3 0
197166 267003 100000 1 s2 s3 0
178474 323614 100000 1 s2 s3 0
207255 309620 100000 1 s2 s3 0
176980 329919 100000 1 s2 s3 0
161575 295941 100000 1 s2 s3 0
191570 270240 100000 1 s2 s3 0
199642 258059 100000 1 s2 s3 0
175704 302987 100000 1 s2 s3 0
186638 258727 100000 1 s2 s3 0
195614 290249 100000 1 s2 s3 0
174482 299367 100000 1 s2 s3 0
193423 266925 100000 1 s2 s3 0
190239 280885 100000 1 s2 s3 0
