223431 115627 100000 1 s1 s5 0
327988 125408 100000 1 s1 s5 0
156508 149434 100000 1 s1 s5 0
159839 175790 100000 1 s1 s5 0
192130 144013 100000 1 s1 s5 0
247965 155776 100000 1 s1 s5 0
255946 121909 100000 1 s1 s5 0
245012 186603 100000 1 s1 s5 0
259343 117656 100000 1 s1 s5 0
199498 146850 100000 1 s1 s5 0
250848 142861 100000 1 s1 s5 0
261996 127218 100000 1 s1 s5 0
114586 148820 100000 1 s1 s5 0
264435 114917 100000 1 s1 s5 0
213056 121153 100000 1 s1 s5 0
344652 116437 100000 1 s1 s5 0
210280 110068 100000 1 s1 s5 0
129178 141082 100000 1 s1 s5 0
260832 126844 100000 1 s1 s5 0
223637 128892 100000 1 s1 s5 0
250226 143727 100000 1 s1 s5 0
236670 147829 100000 1 s1 s5 0
254537 139269 100000 1 s1 s5 0
219619 132660 100000 1 s1 s5 0
224285 175370 100000 1 s1 s5 0
171393 118855 100000 1 s1 s5 0
167515 130856 100000 1 s1 s5 0
204501 139008 100000 1 s1 s5 0
208841 142964 100000 1 s1 s5 0
262938 146385 100000 1 s1 s5 0
