256646 186520 100000 1 s4 s5 0
197929 150473 100000 1 s4 s5 0
251974 165228 100000 1 s4 s5 0
261773 193092 100000 1 s4 s5 0
234636 173451 100000 1 s4 s5 0
259267 172527 100000 1 s4 s5 0
228236 183596 100000 1 s4 s5 0
258746 200611 100000 1 s4 s5 0
213133 166018 100000 1 s4 s5 0
227512 148033 100000 1 s4 s5 0
238535 170880 100000 1 s4 s5 0
238272 196471 100000 1 s4 s5 0
295299 227698 100000 1 s4 s5 0
248716 198590 100000 1 s4 s5 0
169870 177987 100000 1 s4 s5 0
288053 168538 100000 1 s4 s5 0
278435 214175 100000 1 s4 s5 0
267977 192781 100000 1 s4 s5 0
226685 170939 100000 1 s4 s5 0
240350 192283 100000 1 s4 s5 0
308901 233287 100000 1 s4 s5 0
265629 164335 100000 1 s4 s5 0
238734 184704 100000 1 s4 s5 0
279117 180776 100000 1 s4 s5 0
307652 198451 100000 1 s4 s5 0
249115 192563 100000 1 s4 s5 0
314339 203279 100000 1 s4 s5 0
241333 201373 100000 1 s4 s5 0
271275 186480 100000 1 s4 s5 0
283815 195937 100000 1 s4 s5 0
