160758 338175 100000 1 s1 s2 0
131286 313782 100000 1 s1 s2 0
128530 359912 100000 1 s1 s2 0
129086 314436 100000 1 s1 s2 0
162804 373936 100000 1 s1 s2 0
118632 358598 100000 1 s1 s2 0
134189 310720 100000 1 s1 s2 0
129606 347068 100000 1 s1 s2 0
155165 358979 100000 1 s1 s2 0
132866 324516 100000 1 s1 s2 0
139469 336105 100000 1 s1 s2 0
118537 343120 100000 1 s1 s2 0
154187 371509 100000 1 s1 s2 0
111457 322775 100000 1 s1 s2 0
124395 275461 100000 1 s1 s2 0
124003 327063 100000 1 s1 s2 0
145469 323594 100000 1 s1 s2 0
165712 396714 100000 1 s1 s2 0
149298 306100 100000 1 s1 s2 0
144758 367575 100000 1 s1 s2 0
122445 375874 100000 1 s1 s2 0
167066 316372 100000 1 s1 s2 0
123741 386137 100000 1 s1 s2 0
113570 354857 100000 1 s1 s2 0
133632 392664 100000 1 s1 s2 0
145810 374097 100000 1 s1 s2 0
112210 372940 100000 1 s1 s2 0
133598 299617 100000 1 s1 s2 0
156402 393179 100000 1 s1 s2 0
131498 387512 100000 1 s1 s2 0
