355978 0 70000 1 s1 s5 0
355358 0 70000 1 s1 s5 0
355966 0 70000 1 s1 s5 0
355380 0 70000 1 s1 s5 0
355786 0 70000 1 s1 s5 0
356019 0 70000 1 s1 s5 0
355875 0 70000 1 s1 s5 0
355557 0 70000 1 s1 s5 0
355510 0 70000 1 s1 s5 0
356137 0 70000 1 s1 s5 0
356230 0 70000 1 s1 s5 0
356284 0 70000 1 s1 s5 0
355877 0 70000 1 s1 s5 0
355694 0 70000 1 s1 s5 0
356416 0 70000 1 s1 s5 0
356346 0 70000 1 s1 s5 0
356345 0 70000 1 s1 s5 0
355469 0 70000 1 s1 s5 0
355239 0 70000 1 s1 s5 0
356698 0 70000 1 s1 s5 0
358020 0 70000 1 s1 s5 0
355279 0 70000 1 s1 s5 0
356271 0 70000 1 s1 s5 0
355756 0 70000 1 s1 s5 0
355662 0 70000 1 s1 s5 0
355100 0 70000 1 s1 s5 0
355749 0 70000 1 s1 s5 0
356221 0 70000 1 s1 s5 0
356790 0 70000 1 s1 s5 0
355806 0 70000 1 s1 s5 0
