146730 0 70000 1 s2 s3 0
147106 0 70000 1 s2 s3 0
146515 0 70000 1 s2 s3 0
146492 0 70000 1 s2 s3 0
146104 0 70000 1 s2 s3 0
146546 0 70000 1 s2 s3 0
146468 0 70000 1 s2 s3 0
146663 0 70000 1 s2 s3 0
146418 0 70000 1 s2 s3 0
146254 0 70000 1 s2 s3 0
146461 0 70000 1 s2 s3 0
146197 0 70000 1 s2 s3 0
146120 0 70000 1 s2 s3 0
147212 0 70000 1 s2 s3 0
146154 0 70000 1 s2 s3 0
146723 0 70000 1 s2 s3 0
146857 0 70000 1 s2 s3 0
146025 0 70000 1 s2 s3 0
149068 0 70000 1 s2 s3 0
145689 0 70000 1 s2 s3 0
145647 0 70000 1 s2 s3 0
145254 0 70000 1 s2 s3 0
146228 0 70000 1 s2 s3 0
146722 0 70000 1 s2 s3 0
146007 0 70000 1 s2 s3 0
146786 0 70000 1 s2 s3 0
146568 0 70000 1 s2 s3 0
146611 0 70000 1 s2 s3 0
146775 0 70000 1 s2 s3 0
146452 0 70000 1 s2 s3 0
