286690 0 70000 1 s4 s5 0
286492 0 70000 1 s4 s5 0
286502 0 70000 1 s4 s5 0
285595 0 70000 1 s4 s5 0
286275 0 70000 1 s4 s5 0
286250 0 70000 1 s4 s5 0
286297 0 70000 1 s4 s5 0
285602 0 70000 1 s4 s5 0
286062 0 70000 1 s4 s5 0
285425 0 70000 1 s4 s5 0
286292 0 70000 1 s4 s5 0
286208 0 70000 1 s4 s5 0
285963 0 70000 1 s4 s5 0
285963 0 70000 1 s4 s5 0
285972 0 70000 1 s4 s5 0
288310 0 70000 1 s4 s5 0
286400 0 70000 1 s4 s5 0
286186 0 70000 1 s4 s5 0
286436 0 70000 1 s4 s5 0
285186 0 70000 1 s4 s5 0
286107 0 70000 1 s4 s5 0
285982 0 70000 1 s4 s5 0
285773 0 70000 1 s4 s5 0
285431 0 70000 1 s4 s5 0
286386 0 70000 1 s4 s5 0
285651 0 70000 1 s4 s5 0
285685 0 70000 1 s4 s5 0
287595 0 70000 1 s4 s5 0
285194 0 70000 1 s4 s5 0
286413 0 70000 1 s4 s5 0
