215899 0 70000 1 s3 s4 0
216268 0 70000 1 s3 s4 0
215479 0 70000 1 s3 s4 0
215828 0 70000 1 s3 s4 0
215704 0 70000 1 s3 s4 0
215699 0 70000 1 s3 s4 0
216105 0 70000 1 s3 s4 0
215537 0 70000 1 s3 s4 0
215830 0 70000 1 s3 s4 0
215752 0 70000 1 s3 s4 0
215247 0 70000 1 s3 s4 0
215909 0 70000 1 s3 s4 0
216243 0 70000 1 s3 s4 0
216165 0 70000 1 s3 s4 0
216057 0 70000 1 s3 s4 0
216095 0 70000 1 s3 s4 0
216621 0 70000 1 s3 s4 0
216759 0 70000 1 s3 s4 0
215903 0 70000 1 s3 s4 0
215472 0 70000 1 s3 s4 0
215979 0 70000 1 s3 s4 0
218737 0 70000 1 s3 s4 0
215526 0 70000 1 s3 s4 0
216152 0 70000 1 s3 s4 0
216335 0 70000 1 s3 s4 0
216551 0 70000 1 s3 s4 0
216455 0 70000 1 s3 s4 0
216069 0 70000 1 s3 s4 0
215489 0 70000 1 s3 s4 0
215632 0 70000 1 s3 s4 0
