76264 0 70000 1 s1 s2 0
77220 0 70000 1 s1 s2 0
77247 0 70000 1 s1 s2 0
77059 0 70000 1 s1 s2 0
77401 0 70000 1 s1 s2 0
77195 0 70000 1 s1 s2 0
77138 0 70000 1 s1 s2 0
76850 0 70000 1 s1 s2 0
76831 0 70000 1 s1 s2 0
76536 0 70000 1 s1 s2 0
76280 0 70000 1 s1 s2 0
75579 0 70000 1 s1 s2 0
76988 0 70000 1 s1 s2 0
76911 0 70000 1 s1 s2 0
77986 0 70000 1 s1 s2 0
76161 0 70000 1 s1 s2 0
77056 0 70000 1 s1 s2 0
76470 0 70000 1 s1 s2 0
77153 0 70000 1 s1 s2 0
77155 0 70000 1 s1 s2 0
76978 0 70000 1 s1 s2 0
76985 0 70000 1 s1 s2 0
76802 0 70000 1 s1 s2 0
77953 0 70000 1 s1 s2 0
76912 0 70000 1 s1 s2 0
77045 0 70000 1 s1 s2 0
76715 0 70000 1 s1 s2 0
78058 0 70000 1 s1 s2 0
77508 0 70000 1 s1 s2 0
77076 0 70000 1 s1 s2 0
