21065 0 10000 1 s2 s3 0
20089 0 10000 1 s2 s3 0
37269 0 10000 1 s2 s3 0
20083 0 10000 1 s2 s3 0
22247 0 10000 1 s2 s3 0
20892 0 10000 1 s2 s3 0
35981 0 10000 1 s2 s3 0
41138 0 10000 1 s2 s3 0
23102 0 10000 1 s2 s3 0
20006 0 10000 1 s2 s3 0
22227 0 10000 1 s2 s3 0
21556 0 10000 1 s2 s3 0
20674 0 10000 1 s2 s3 0
20333 0 10000 1 s2 s3 0
20582 0 10000 1 s2 s3 0
35989 0 10000 1 s2 s3 0
21122 0 10000 1 s2 s3 0
22453 0 10000 1 s2 s3 0
20272 0 10000 1 s2 s3 0
22292 0 10000 1 s2 s3 0
22852 0 10000 1 s2 s3 0
23033 0 10000 1 s2 s3 0
20464 0 10000 1 s2 s3 0
21761 0 10000 1 s2 s3 0
20618 0 10000 1 s2 s3 0
21738 0 10000 1 s2 s3 0
23671 0 10000 1 s2 s3 0
22507 0 10000 1 s2 s3 0
22663 0 10000 1 s2 s3 0
21541 0 10000 1 s2 s3 0
