30128 0 10000 1 s3 s4 0
37681 0 10000 1 s3 s4 0
37202 0 10000 1 s3 s4 0
31134 0 10000 1 s3 s4 0
37278 0 10000 1 s3 s4 0
40741 0 10000 1 s3 s4 0
43850 0 10000 1 s3 s4 0
44920 0 10000 1 s3 s4 0
39198 0 10000 1 s3 s4 0
49127 0 10000 1 s3 s4 0
32809 0 10000 1 s3 s4 0
41141 0 10000 1 s3 s4 0
30492 0 10000 1 s3 s4 0
30363 0 10000 1 s3 s4 0
47050 0 10000 1 s3 s4 0
49655 0 10000 1 s3 s4 0
51431 0 10000 1 s3 s4 0
32806 0 10000 1 s3 s4 0
30900 0 10000 1 s3 s4 0
44654 0 10000 1 s3 s4 0
45070 0 10000 1 s3 s4 0
47609 0 10000 1 s3 s4 0
40052 0 10000 1 s3 s4 0
51179 0 10000 1 s3 s4 0
32286 0 10000 1 s3 s4 0
31151 0 10000 1 s3 s4 0
30107 0 10000 1 s3 s4 0
48325 0 10000 1 s3 s4 0
33626 0 10000 1 s3 s4 0
47661 0 10000 1 s3 s4 0
