49767 0 10000 1 s4 s5 0
49548 0 10000 1 s4 s5 0
43431 0 10000 1 s4 s5 0
65201 0 10000 1 s4 s5 0
49729 0 10000 1 s4 s5 0
44998 0 10000 1 s4 s5 0
40395 0 10000 1 s4 s5 0
44017 0 10000 1 s4 s5 0
40276 0 10000 1 s4 s5 0
61124 0 10000 1 s4 s5 0
53509 0 10000 1 s4 s5 0
50241 0 10000 1 s4 s5 0
51480 0 10000 1 s4 s5 0
40652 0 10000 1 s4 s5 0
40914 0 10000 1 s4 s5 0
58767 0 10000 1 s4 s5 0
40408 0 10000 1 s4 s5 0
41677 0 10000 1 s4 s5 0
60214 0 10000 1 s4 s5 0
40267 0 10000 1 s4 s5 0
40450 0 10000 1 s4 s5 0
46238 0 10000 1 s4 s5 0
48627 0 10000 1 s4 s5 0
46314 0 10000 1 s4 s5 0
50877 0 10000 1 s4 s5 0
56716 0 10000 1 s4 s5 0
43743 0 10000 1 s4 s5 0
40089 0 10000 1 s4 s5 0
55729 0 10000 1 s4 s5 0
44420 0 10000 1 s4 s5 0
