22078 0 10000 1 s1 s2 0
17943 0 10000 1 s1 s2 0
19895 0 10000 1 s1 s2 0
19877 0 10000 1 s1 s2 0
17675 0 10000 1 s1 s2 0
20020 0 10000 1 s1 s2 0
20473 0 10000 1 s1 s2 0
17138 0 10000 1 s1 s2 0
16418 0 10000 1 s1 s2 0
17503 0 10000 1 s1 s2 0
16123 0 10000 1 s1 s2 0
16558 0 10000 1 s1 s2 0
19985 0 10000 1 s1 s2 0
22281 0 10000 1 s1 s2 0
16804 0 10000 1 s1 s2 0
18025 0 10000 1 s1 s2 0
21552 0 10000 1 s1 s2 0
16883 0 10000 1 s1 s2 0
18980 0 10000 1 s1 s2 0
19217 0 10000 1 s1 s2 0
16454 0 10000 1 s1 s2 0
17001 0 10000 1 s1 s2 0
17526 0 10000 1 s1 s2 0
16933 0 10000 1 s1 s2 0
22649 0 10000 1 s1 s2 0
20163 0 10000 1 s1 s2 0
19851 0 10000 1 s1 s2 0
19802 0 10000 1 s1 s2 0
23778 0 10000 1 s1 s2 0
17140 0 10000 1 s1 s2 0
