56851 0 10000 1 s1 s5 0
55932 0 10000 1 s1 s5 0
50537 0 10000 1 s1 s5 0
50945 0 10000 1 s1 s5 0
55629 0 10000 1 s1 s5 0
55654 0 10000 1 s1 s5 0
56670 0 10000 1 s1 s5 0
56102 0 10000 1 s1 s5 0
55953 0 10000 1 s1 s5 0
56920 0 10000 1 s1 s5 0
53930 0 10000 1 s1 s5 0
64711 0 10000 1 s1 s5 0
57416 0 10000 1 s1 s5 0
55986 0 10000 1 s1 s5 0
56086 0 10000 1 s1 s5 0
57191 0 10000 1 s1 s5 0
52864 0 10000 1 s1 s5 0
52304 0 10000 1 s1 s5 0
55592 0 10000 1 s1 s5 0
55989 0 10000 1 s1 s5 0
50421 0 10000 1 s1 s5 0
56023 0 10000 1 s1 s5 0
57224 0 10000 1 s1 s5 0
55122 0 10000 1 s1 s5 0
63542 0 10000 1 s1 s5 0
57034 0 10000 1 s1 s5 0
56996 0 10000 1 s1 s5 0
50404 0 10000 1 s1 s5 0
55686 0 10000 1 s1 s5 0
56552 0 10000 1 s1 s5 0
