73395 0 30000 1 s2 s3 0
71185 0 30000 1 s2 s3 0
73450 0 30000 1 s2 s3 0
74092 0 30000 1 s2 s3 0
73639 0 30000 1 s2 s3 0
73984 0 30000 1 s2 s3 0
73295 0 30000 1 s2 s3 0
73851 0 30000 1 s2 s3 0
73286 0 30000 1 s2 s3 0
73843 0 30000 1 s2 s3 0
72802 0 30000 1 s2 s3 0
73445 0 30000 1 s2 s3 0
72781 0 30000 1 s2 s3 0
74578 0 30000 1 s2 s3 0
73996 0 30000 1 s2 s3 0
73185 0 30000 1 s2 s3 0
73988 0 30000 1 s2 s3 0
72887 0 30000 1 s2 s3 0
73381 0 30000 1 s2 s3 0
73401 0 30000 1 s2 s3 0
74436 0 30000 1 s2 s3 0
71134 0 30000 1 s2 s3 0
73575 0 30000 1 s2 s3 0
73459 0 30000 1 s2 s3 0
73821 0 30000 1 s2 s3 0
73730 0 30000 1 s2 s3 0
73628 0 30000 1 s2 s3 0
73527 0 30000 1 s2 s3 0
73635 0 30000 1 s2 s3 0
73753 0 30000 1 s2 s3 0
