115488 0 30000 1 s3 s4 0
114171 0 30000 1 s3 s4 0
114616 0 30000 1 s3 s4 0
116114 0 30000 1 s3 s4 0
114301 0 30000 1 s3 s4 0
114667 0 30000 1 s3 s4 0
114586 0 30000 1 s3 s4 0
121610 0 30000 1 s3 s4 0
114564 0 30000 1 s3 s4 0
114003 0 30000 1 s3 s4 0
114836 0 30000 1 s3 s4 0
115044 0 30000 1 s3 s4 0
115083 0 30000 1 s3 s4 0
114631 0 30000 1 s3 s4 0
111612 0 30000 1 s3 s4 0
115046 0 30000 1 s3 s4 0
116266 0 30000 1 s3 s4 0
114922 0 30000 1 s3 s4 0
114479 0 30000 1 s3 s4 0
114286 0 30000 1 s3 s4 0
114559 0 30000 1 s3 s4 0
114321 0 30000 1 s3 s4 0
113098 0 30000 1 s3 s4 0
112099 0 30000 1 s3 s4 0
115406 0 30000 1 s3 s4 0
112038 0 30000 1 s3 s4 0
114433 0 30000 1 s3 s4 0
111906 0 30000 1 s3 s4 0
114470 0 30000 1 s3 s4 0
114719 0 30000 1 s3 s4 0
