170529 0 30000 1 s1 s5 0
164414 0 30000 1 s1 s5 0
156367 0 30000 1 s1 s5 0
150782 0 30000 1 s1 s5 0
163678 0 30000 1 s1 s5 0
161600 0 30000 1 s1 s5 0
168079 0 30000 1 s1 s5 0
154895 0 30000 1 s1 s5 0
164228 0 30000 1 s1 s5 0
155468 0 30000 1 s1 s5 0
155537 0 30000 1 s1 s5 0
150537 0 30000 1 s1 s5 0
150722 0 30000 1 s1 s5 0
162253 0 30000 1 s1 s5 0
156112 0 30000 1 s1 s5 0
154399 0 30000 1 s1 s5 0
159153 0 30000 1 s1 s5 0
156956 0 30000 1 s1 s5 0
150784 0 30000 1 s1 s5 0
150083 0 30000 1 s1 s5 0
151501 0 30000 1 s1 s5 0
153009 0 30000 1 s1 s5 0
150123 0 30000 1 s1 s5 0
155723 0 30000 1 s1 s5 0
154266 0 30000 1 s1 s5 0
150300 0 30000 1 s1 s5 0
155095 0 30000 1 s1 s5 0
156012 0 30000 1 s1 s5 0
150434 0 30000 1 s1 s5 0
163591 0 30000 1 s1 s5 0
