35802 0 30000 1 s1 s2 0
36072 0 30000 1 s1 s2 0
36331 0 30000 1 s1 s2 0
36170 0 30000 1 s1 s2 0
35269 0 30000 1 s1 s2 0
36338 0 30000 1 s1 s2 0
35743 0 30000 1 s1 s2 0
35926 0 30000 1 s1 s2 0
35613 0 30000 1 s1 s2 0
36183 0 30000 1 s1 s2 0
36039 0 30000 1 s1 s2 0
36158 0 30000 1 s1 s2 0
35731 0 30000 1 s1 s2 0
35509 0 30000 1 s1 s2 0
36125 0 30000 1 s1 s2 0
36132 0 30000 1 s1 s2 0
36078 0 30000 1 s1 s2 0
36088 0 30000 1 s1 s2 0
35897 0 30000 1 s1 s2 0
36016 0 30000 1 s1 s2 0
35818 0 30000 1 s1 s2 0
35834 0 30000 1 s1 s2 0
35763 0 30000 1 s1 s2 0
35596 0 30000 1 s1 s2 0
35837 0 30000 1 s1 s2 0
36124 0 30000 1 s1 s2 0
35802 0 30000 1 s1 s2 0
35352 0 30000 1 s1 s2 0
36018 0 30000 1 s1 s2 0
36137 0 30000 1 s1 s2 0
