154060 0 30000 1 s4 s5 0
161269 0 30000 1 s4 s5 0
153151 0 30000 1 s4 s5 0
152561 0 30000 1 s4 s5 0
153493 0 30000 1 s4 s5 0
153717 0 30000 1 s4 s5 0
154580 0 30000 1 s4 s5 0
153840 0 30000 1 s4 s5 0
154547 0 30000 1 s4 s5 0
153944 0 30000 1 s4 s5 0
153990 0 30000 1 s4 s5 0
155067 0 30000 1 s4 s5 0
154149 0 30000 1 s4 s5 0
154301 0 30000 1 s4 s5 0
153307 0 30000 1 s4 s5 0
153226 0 30000 1 s4 s5 0
154037 0 30000 1 s4 s5 0
153414 0 30000 1 s4 s5 0
154529 0 30000 1 s4 s5 0
154706 0 30000 1 s4 s5 0
154471 0 30000 1 s4 s5 0
151821 0 30000 1 s4 s5 0
153506 0 30000 1 s4 s5 0
155348 0 30000 1 s4 s5 0
153646 0 30000 1 s4 s5 0
153918 0 30000 1 s4 s5 0
122165 0 30000 1 s4 s5 0
153078 0 30000 1 s4 s5 0
153502 0 30000 1 s4 s5 0
154490 0 30000 1 s4 s5 0
