256483 0 50000 1 s1 s5 0
255509 0 50000 1 s1 s5 0
256068 0 50000 1 s1 s5 0
256300 0 50000 1 s1 s5 0
256129 0 50000 1 s1 s5 0
256081 0 50000 1 s1 s5 0
255958 0 50000 1 s1 s5 0
256208 0 50000 1 s1 s5 0
255471 0 50000 1 s1 s5 0
255952 0 50000 1 s1 s5 0
255246 0 50000 1 s1 s5 0
255478 0 50000 1 s1 s5 0
260531 0 50000 1 s1 s5 0
255320 0 50000 1 s1 s5 0
255813 0 50000 1 s1 s5 0
255506 0 50000 1 s1 s5 0
255669 0 50000 1 s1 s5 0
256049 0 50000 1 s1 s5 0
258101 0 50000 1 s1 s5 0
256288 0 50000 1 s1 s5 0
256198 0 50000 1 s1 s5 0
256585 0 50000 1 s1 s5 0
255130 0 50000 1 s1 s5 0
256126 0 50000 1 s1 s5 0
255996 0 50000 1 s1 s5 0
255327 0 50000 1 s1 s5 0
255625 0 50000 1 s1 s5 0
255719 0 50000 1 s1 s5 0
256067 0 50000 1 s1 s5 0
256227 0 50000 1 s1 s5 0
