208246 92595 50000 1 s1 s5 0
175521 97043 50000 1 s1 s5 0
167116 87307 50000 1 s1 s5 0
171647 94916 50000 1 s1 s5 0
117364 80875 50000 1 s1 s5 0
160374 90661 50000 1 s1 s5 0
181940 97244 50000 1 s1 s5 0
173008 89951 50000 1 s1 s5 0
165734 92893 50000 1 s1 s5 0
123174 83328 50000 1 s1 s5 0
184443 87947 50000 1 s1 s5 0
129153 83414 50000 1 s1 s5 0
175124 90122 50000 1 s1 s5 0
167941 94425 50000 1 s1 s5 0
168460 88432 50000 1 s1 s5 0
148727 85994 50000 1 s1 s5 0
162441 91874 50000 1 s1 s5 0
152429 88207 50000 1 s1 s5 0
178024 85826 50000 1 s1 s5 0
143534 85146 50000 1 s1 s5 0
171532 95538 50000 1 s1 s5 0
167104 93186 50000 1 s1 s5 0
113789 79865 50000 1 s1 s5 0
151265 87687 50000 1 s1 s5 0
171629 95218 50000 1 s1 s5 0
179523 91946 50000 1 s1 s5 0
205222 90230 50000 1 s1 s5 0
177871 96994 50000 1 s1 s5 0
157856 90507 50000 1 s1 s5 0
180738 98245 50000 1 s1 s5 0
