216118 123743 70000 1 s1 s5 0
201983 118396 70000 1 s1 s5 0
223119 126631 70000 1 s1 s5 0
237203 126335 70000 1 s1 s5 0
210666 123222 70000 1 s1 s5 0
223073 122870 70000 1 s1 s5 0
213092 122996 70000 1 s1 s5 0
149100 105570 70000 1 s1 s5 0
212064 116222 70000 1 s1 s5 0
212706 123192 70000 1 s1 s5 0
172314 113795 70000 1 s1 s5 0
214435 122941 70000 1 s1 s5 0
226387 127885 70000 1 s1 s5 0
217079 123623 70000 1 s1 s5 0
247596 123784 70000 1 s1 s5 0
239190 120695 70000 1 s1 s5 0
231436 125514 70000 1 s1 s5 0
201231 122989 70000 1 s1 s5 0
239320 126355 70000 1 s1 s5 0
227172 128335 70000 1 s1 s5 0
181387 117185 70000 1 s1 s5 0
233306 124944 70000 1 s1 s5 0
174021 114164 70000 1 s1 s5 0
212553 122753 70000 1 s1 s5 0
213420 123459 70000 1 s1 s5 0
170087 113160 70000 1 s1 s5 0
230430 122954 70000 1 s1 s5 0
258705 124740 70000 1 s1 s5 0
147366 107266 70000 1 s1 s5 0
203938 119752 70000 1 s1 s5 0
